NumPoints = 658
0.616225 0.613876
0.625208 0.652497
0.62132 0.578623
0.559935 0.594559
0.584163 0.648784
0.66149 0.586686
0.656867 0.63874
0.640592 0.529384
0.586966 0.560837
0.687136 0.541122
0.696896 0.63185
0.715046 0.575858
0.663956 0.692492
0.524263 0.6466
0.600007 0.677358
0.489556 0.678105
0.465263 0.646606
0.48145 0.611716
0.520159 0.603645
0.56033 0.675401
0.603743 0.527562
0.637421 0.48041
0.678 0.508724
0.602395 0.494399
0.728012 0.624904
0.757627 0.553023
0.726925 0.546483
0.768172 0.588051
0.550008 0.51905
0.574461 0.444133
0.62172 0.440944
0.621788 0.738174
0.710498 0.711275
0.69287 0.73899
0.658117 0.753252
0.629802 0.706488
0.695872 0.663094
0.755154 0.719508
0.758084 0.687019
0.726523 0.675857
0.727873 0.746905
0.565004 0.393225
0.600575 0.400856
0.535598 0.450639
0.803777 0.652043
0.796994 0.728661
0.769356 0.654722
0.564996 0.488449
0.702032 0.465447
0.665817 0.462449
0.731058 0.507854
0.749206 0.469474
0.706812 0.421959
0.838085 0.690956
0.818803 0.784835
0.835285 0.737139
0.799343 0.695242
0.756734 0.774464
0.794395 0.759976
0.445882 0.61807
0.434158 0.676147
0.535408 0.711207
0.469391 0.730712
0.50329 0.717265
0.669733 0.42784
0.769494 0.493991
0.80477 0.577278
0.784679 0.627328
0.808762 0.543141
0.514668 0.749705
0.491857 0.778617
0.424629 0.726264
0.448104 0.784926
0.781315 0.523904
0.507746 0.412448
0.476502 0.458519
0.509717 0.500201
0.464499 0.525817
0.502379 0.537028
0.57963 0.720031
0.807015 0.453256
0.73773 0.431976
0.786699 0.425754
0.711956 0.383152
0.74758 0.390262
0.576906 0.777015
0.852428 0.822905
0.876352 0.801701
0.803168 0.819864
0.41983 0.463945
0.462295 0.490158
0.456815 0.424838
0.805243 0.393488
0.836908 0.442278
0.841931 0.401129
0.701691 0.327804
0.654337 0.383395
0.739455 0.348876
0.687737 0.358762
0.861281 0.758257
0.90148 0.756589
0.924408 0.816577
0.901942 0.845574
0.870049 0.854808
0.680186 0.29634
0.733634 0.305716
0.648661 0.301897
0.648603 0.335011
0.863118 0.559769
0.842995 0.616133
0.841076 0.583577
0.864328 0.642015
0.872074 0.710451
0.916054 0.784462
0.837792 0.507913
0.804866 0.499431
0.492611 0.578271
0.528059 0.571219
0.627895 0.784764
0.696382 0.789067
0.666199 0.806637
0.889289 0.594497
0.937409 0.758482
0.921385 0.718109
0.929791 0.657867
0.94706 0.689312
0.966197 0.714257
0.897655 0.663109
0.583834 0.355377
0.619148 0.357991
0.635385 0.411055
0.910985 0.553354
0.935658 0.584866
0.924312 0.625536
0.692298 0.263667
0.646498 0.249412
0.41022 0.502049
0.727642 0.836059
0.680142 0.834554
0.733055 0.804744
0.866034 0.473454
0.875574 0.435658
0.483013 0.817756
0.419607 0.770613
0.387724 0.778193
0.426798 0.82721
0.397052 0.686525
0.401535 0.643331
0.394053 0.846086
0.421508 0.866409
0.46256 0.845482
0.447222 0.885905
0.98103 0.59685
0.957465 0.618398
0.960965 0.551361
0.944969 0.858911
0.948651 0.794596
0.974567 0.816051
0.451116 0.393536
0.491332 0.369224
0.536829 0.364681
0.968832 0.517949
0.949302 0.491557
0.819288 0.363999
0.876078 0.37216
0.846204 0.340621
0.704176 0.203788
0.73411 0.264089
0.67763 0.234459
0.710505 0.236154
0.385377 0.539355
0.375037 0.459055
0.353748 0.50971
0.442586 0.554121
0.78003 0.366604
0.553261 0.626637
0.992836 0.638576
0.972728 0.666285
0.565673 0.328004
0.523095 0.328305
0.485016 0.889803
0.497209 0.849675
0.78752 0.277626
0.791869 0.314995
0.981088 0.476258
0.998155 0.53887
0.558636 0.750215
0.973939 0.768366
0.607305 0.306837
0.808829 0.858739
0.76408 0.857109
0.369095 0.701234
0.372108 0.667735
0.336542 0.697996
0.552654 0.288224
0.588204 0.275833
0.740471 0.215849
0.668294 0.204293
0.760074 0.241611
0.464465 0.332085
0.529969 0.786095
0.626145 0.278899
0.58733 0.824052
0.625401 0.840512
0.588156 0.218402
0.609469 0.245456
0.560399 0.246092
0.892552 0.878464
0.872645 0.51186
0.921052 0.519738
0.334357 0.660302
0.307464 0.724468
0.280264 0.697689
0.326148 0.754243
0.389332 0.726885
0.917616 0.4806
0.918033 0.444142
0.958072 0.433442
0.36105 0.742144
0.765556 0.331792
0.84448 0.3093
0.354653 0.776856
0.287095 0.667216
0.298649 0.632914
0.34027 0.610008
0.370719 0.621117
0.999142 0.683909
0.277139 0.58705
0.259114 0.622993
0.307979 0.602657
0.513838 0.205353
0.517326 0.268374
0.562105 0.192836
0.512483 0.237177
0.808828 0.249961
0.796198 0.219352
0.826374 0.282445
0.873626 0.288366
0.884505 0.339498
0.900603 0.405479
0.921312 0.363183
0.635192 0.215878
0.590134 0.158868
0.844935 0.238759
0.399431 0.376037
0.428326 0.336066
0.407109 0.411153
0.918331 0.31744
0.421268 0.304662
0.38836 0.33614
0.464764 0.29839
0.955572 0.371958
0.989115 0.437042
0.986005 0.385987
0.508715 0.165425
0.610339 0.184114
0.547776 0.133162
0.838385 0.876592
0.39696 0.599004
0.456453 0.585369
0.306866 0.55236
0.354269 0.566506
0.394127 0.251359
0.385158 0.283562
0.442831 0.26409
0.641441 0.148379
0.678973 0.17451
0.705215 0.157295
0.995766 0.739408
0.4809 0.245443
0.498264 0.294961
0.761586 0.17614
0.584575 0.124872
0.622734 0.110807
0.889484 0.236933
0.909843 0.261337
0.313156 0.80856
0.345678 0.812459
0.293843 0.767446
0.927822 0.225402
0.965665 0.262006
0.944283 0.297824
0.400887 0.897884
0.457627 0.934752
0.429958 0.913924
0.222528 0.654966
0.229247 0.599759
0.341386 0.424831
0.338617 0.462261
0.373994 0.402421
0.982047 0.324111
0.935977 0.398345
0.566914 0.865789
0.547377 0.832752
0.407067 0.569483
0.772354 0.812158
0.275584 0.816568
0.272246 0.744551
0.232249 0.718552
0.251909 0.678242
0.344104 0.874946
0.680564 0.868893
0.646365 0.866161
0.711656 0.88076
0.511395 0.131221
0.580131 0.0878717
0.52001 0.0846858
0.789477 0.884428
0.816878 0.909455
0.877119 0.913515
0.534428 0.0502826
0.476439 0.115705
0.550894 0.100272
0.493704 0.0518295
0.464423 0.0666349
0.946066 0.341426
0.641444 0.899791
0.615858 0.873902
0.754841 0.894951
0.437224 0.221021
0.47341 0.199362
0.22209 0.764619
0.194931 0.693917
0.187228 0.727309
0.818708 0.178462
0.739647 0.141663
0.730848 0.183685
0.770063 0.130741
0.801373 0.131652
0.975986 0.852385
0.58888 0.0386143
0.612481 0.0646117
0.870101 0.179583
0.308094 0.849042
0.273387 0.854587
0.287434 0.442678
0.327355 0.392257
0.35545 0.376467
0.292077 0.409596
0.286238 0.912403
0.252915 0.89033
0.236438 0.808127
0.230823 0.863852
0.30099 0.88272
0.219835 0.922987
0.193623 0.891798
0.269721 0.950018
0.272888 0.545371
0.249411 0.569363
0.273437 0.509175
0.308624 0.519214
0.391861 0.935966
0.36508 0.900461
0.514945 0.816571
0.41891 0.973033
0.364967 0.980116
0.337684 0.930114
0.653941 0.938716
0.606087 0.922282
0.688044 0.903477
0.907567 0.20016
0.859547 0.131362
0.891542 0.151392
0.840608 0.200858
0.518044 0.87995
0.930694 0.887842
0.985791 0.893832
0.235712 0.95579
0.193159 0.942235
0.222676 0.984212
0.364138 0.310118
0.344455 0.340098
0.44689 0.173868
0.474907 0.151238
0.257603 0.781215
0.199782 0.795248
0.732854 0.105219
0.692244 0.108825
0.754621 0.0817538
0.998632 0.796129
0.220875 0.538754
0.335269 0.269958
0.352436 0.238777
0.317573 0.31388
0.319827 0.238251
0.301645 0.277432
0.285951 0.241034
0.330784 0.190252
0.362424 0.20678
0.295813 0.210179
0.931092 0.17694
0.960563 0.22786
0.555978 0.923882
0.501898 0.919363
0.190666 0.649655
0.188662 0.606861
0.160994 0.6648
0.166858 0.98984
0.165026 0.928121
0.13228 0.95
0.745394 0.95273
0.714999 0.942393
0.728237 0.912547
0.781167 0.929666
0.403433 0.221334
0.792395 0.0773567
0.707937 0.0621702
0.786708 0.0377178
0.759816 0.0219217
0.204224 0.574942
0.308953 0.350025
0.272392 0.335789
0.822337 0.952431
0.805834 0.983771
0.867519 0.975302
0.778431 0.999695
0.647184 0.0365327
0.612509 0.0108703
0.545775 0.00683772
0.58064 0.000836235
0.223109 0.495261
0.162628 0.555834
0.176301 0.525468
0.824241 0.0665387
0.823472 0.0104488
0.276762 0.173301
0.366455 0.139694
0.382217 0.180052
0.326072 0.129064
0.411734 0.190365
0.151995 0.608719
0.990111 0.206843
0.995346 0.248205
0.976862 0.175236
0.426724 0.122664
0.86701 0.0723336
0.846286 0.0416568
0.8287 0.101623
0.968939 0.139524
0.932809 0.127538
0.905063 0.0673293
0.885711 0.0375545
0.892635 0.100678
0.180042 0.466578
0.226861 0.453625
0.655408 0.114618
0.486485 0.0148552
0.999538 0.28319
0.67705 0.0510608
0.689477 0.020539
0.652805 0.0815354
0.135022 0.635746
0.451212 0.00573596
0.979505 0.940165
0.9349 0.927091
0.274259 0.12208
0.328622 0.0735781
0.36933 0.10353
0.306232 0.098452
0.862909 0.00944609
0.909913 0.0132079
0.308565 0.159872
0.39789 0.0893706
0.248961 0.247486
0.267024 0.293735
0.137481 0.717722
0.162772 0.698339
0.729395 0.00364169
0.649739 0.0019048
0.579822 0.903318
0.998487 0.351989
0.272994 0.983993
0.314322 0.95473
0.312161 0.990994
0.106069 0.687286
0.158102 0.757777
0.271062 0.369449
0.240685 0.422131
0.392651 0.995348
0.421425 0.153435
0.0837377 0.743836
0.121668 0.748804
0.166876 0.797991
0.132695 0.795627
0.10087 0.777699
0.747303 0.994002
0.735129 0.0435972
0.336479 0.538333
0.21765 0.280222
0.188142 0.260883
0.21994 0.216429
0.264434 0.213522
0.189527 0.225089
0.238606 0.174418
0.192208 0.193008
0.656315 0.991847
0.605865 0.974707
0.0957633 0.620955
0.121605 0.591764
0.486933 0.953234
0.52782 0.955609
0.999891 0.132408
0.574174 0.971211
0.42283 0.0641207
0.360268 0.0410536
0.44623 0.0956498
0.399027 0.0166407
0.145627 0.510785
0.126633 0.54264
0.169921 0.868033
0.142439 0.892584
0.115123 0.910564
0.157279 0.434421
0.13003 0.463395
0.197809 0.416767
0.206865 0.826947
0.144307 0.827098
0.190333 0.760608
0.217016 0.320165
0.147776 0.195561
0.150493 0.260445
0.157947 0.228494
0.161569 0.310502
0.114478 0.243941
0.116292 0.279459
0.0842552 0.655323
0.694519 0.998121
0.781941 0.962043
0.200013 0.151252
0.232823 0.116208
0.905144 0.966561
0.899152 0.997778
0.0863521 0.586188
0.0512833 0.649221
0.0527225 0.61347
0.951693 0.0930953
0.0626228 0.679084
0.0687867 0.712202
0.182428 0.355223
0.208789 0.38063
0.228396 0.354129
0.260882 0.475754
0.46673 0.982117
0.499172 0.998419
0.530935 0.99498
0.0839203 0.816535
0.940326 0.00297169
0.96618 0.0299864
0.177231 0.127966
0.255187 0.0930028
0.223187 0.074137
0.130353 0.860896
0.102538 0.939855
0.0957741 0.855322
0.141022 0.141813
0.193809 0.0950304
0.944406 0.0622987
0.262007 0.0591543
0.30715 0.0431769
0.32555 0.492454
0.246684 0.389981
0.19502 0.0220658
0.232138 0.0127515
0.192921 0.0603008
0.159805 0.0299986
0.0143429 0.684555
0.0342087 0.733572
0.0892171 0.52535
0.112056 0.489183
0.134274 0.333655
0.107734 0.311923
0.199722 0.857946
0.339293 0.00247808
0.278091 0.00861506
0.295952 0.480429
0.14085 0.407826
0.118327 0.431557
0.176609 0.390327
0.0423405 0.771843
0.146147 0.365413
0.983624 0.0765705
0.998615 0.0322583
0.104792 0.384846
0.112475 0.999231
0.100505 0.161946
0.102946 0.106339
0.0858635 0.133139
0.162106 0.0958948
0.095317 0.972215
0.0641863 0.948742
0.0843225 0.885322
0.000888473 0.648871
0.00882408 0.757221
0.0351345 0.127063
0.0491241 0.0860337
0.0877481 0.191411
0.0632583 0.16604
0.0692734 0.462296
0.0695782 0.246679
0.057698 0.279625
0.0911993 0.223136
0.0685273 0.555465
0.0492983 0.581667
0.0380572 0.214874
0.946684 0.988415
0.0846523 0.421246
0.00913808 0.549694
0.0551503 0.524834
0.0716844 0.498351
0.0191277 0.610295
0.0137004 0.494163
0.0331299 0.183294
0.0113745 0.103049
0.00156621 0.163914
0.00362904 0.225693
0.0284336 0.260999
0.859248 0.942328
0.835142 0.999214
0.0772453 0.91699
0.0271903 0.936342
0.0700509 0.994475
0.0321787 0.905228
0.0352127 0.0504151
0.0227245 0.296662
0.978864 0.99722
0.903217 0.930878
0.719933 0.978465
0.00883722 0.341283
0.0690786 0.319709
0.0377291 0.325846
0.170258 0.16736
0.790908 0.000737223
0.0355712 0.370906
0.0767842 0.357915
0.0380273 0.854682
0.0302654 0.460979
0.134678 0.0496706
0.44938 0.705298
0.176047 0.837275
0.00583317 0.879993
0.0630411 0.398111
0.0305338 0.804053
0.119913 0.0162601
0.103315 0.0511214
0.00418963 0.721992
0.0125122 0.402411
0.0406246 0.422061
0.00229384 0.438062
0.0363758 0.972992
0.0688676 0.00610808
0.0722205 0.0390461
0.0833594 0.0798961
0.00108466 0.977118
0.681209 0.96305
0.000829847 0.793733
0.0171716 0.0244434
0.000960134 0.0700167
0.00521493 0.830086
