1875
0.0571652 0.341992 0.0496438 0.303569
0.0571652 0.341992 0.0922532 0.334915
0.280557 0.0971554 0.254208 0.114438
0.280557 0.0971554 0.282297 0.0808538
0.0839763 0.293821 0.0496438 0.303569
0.0839763 0.293821 0.0870222 0.289103
0.0839763 0.293821 0.0922532 0.334915
0.0167856 0.958425 0.0216473 1
0.0167856 0.958425 0 0.947679
0.0167856 0.958425 0.0425269 0.951974
0.0472145 0.30252 0.0365284 0.280583
0.0472145 0.30252 0.0496438 0.303569
0.0261679 0.637223 0.0341538 0.630627
0.0261679 0.637223 0.0260114 0.659777
0.0261679 0.637223 -3.46945e-18 0.624851
0.972446 0.792233 0.975099 0.792198
0.972446 0.792233 0.949525 0.81992
0.972446 0.792233 0.952962 0.773447
0.0373255 0.671605 0.0405791 0.700319
0.0373255 0.671605 0.0260114 0.659777
0.0373255 0.671605 0.0662218 0.660633
0.526622 0.109975 0.530506 0.114932
0.526622 0.109975 0.501933 0.105405
0.526622 0.109975 0.544427 0.0746958
0.768694 0.878284 0.738793 0.870984
0.768694 0.878284 0.786309 0.861908
0.768694 0.878284 0.776967 0.905512
0.929701 0.798056 0.949525 0.81992
0.929701 0.798056 0.901544 0.80538
0.929701 0.798056 0.93568 0.778827
0.294395 0.5024 0.276993 0.48877
0.629662 0.318421 0.627475 0.300118
0.629662 0.318421 0.667838 0.318487
0.629662 0.318421 0.621408 0.33052
0.758723 0.107388 0.77611 0.101907
0.758723 0.107388 0.749393 0.120991
0.758723 0.107388 0.728269 0.0791372
0.394484 0.123727 0.395549 0.120531
0.394484 0.123727 0.397224 0.133425
0.394484 0.123727 0.349999 0.120189
0.118373 0.0369085 0.138119 0.0281821
0.118373 0.0369085 0.120313 0.0788452
0.118373 0.0369085 0.0952228 0.0258867
0.0151825 0.202269 0.059244 0.195394
0.130013 0.170495 0.113482 0.137226
0.130013 0.170495 0.143185 0.168839
0.130013 0.170495 0.118203 0.187102
0.275618 0.267072 0.292582 0.303097
0.483431 0.315404 0.479178 0.27385
0.483431 0.315404 0.493412 0.324492
0.483431 0.315404 0.444968 0.315063
0.291443 0.0705614 0.282297 0.0808538
0.291443 0.0705614 0.27953 0.036902
0.291443 0.0705614 0.300424 0.0707105
0.10854 0.352919 0.0808239 0.381744
0.0594131 0.194257 0.059244 0.195394
0.0594131 0.194257 0.0370933 0.155284
0.0594131 0.194257 0.0827337 0.171746
0.247638 0.317579 0.238628 0.300532
0.241258 0.200749 0.218112 0.190465
0.241258 0.200749 0.258145 0.189595
0.241258 0.200749 0.242788 0.224167
0.114243 0.132385 0.074415 0.106997
0.114243 0.132385 0.134254 0.110906
0.114243 0.132385 0.113482 0.137226
0.218112 0.190465 0.201655 0.20995
0.218112 0.190465 0.211953 0.175092
0.377869 0.229866 0.377599 0.229075
0.377869 0.229866 0.420531 0.243088
0.377869 0.229866 0.368316 0.261521
0.118432 0.51616 0.11584 0.516867
0.118432 0.51616 0.136954 0.487378
0.019414 0.778671 0.0213994 0.782436
0.019414 0.778671 0 0.77442
0.00488953 0.133227 0 0.132439
0.00488953 0.133227 0.0344867 0.103942
0.00488953 0.133227 0.0287789 0.154988
0.130081 0.384944 0.116097 0.406887
0.0853211 0.678021 0.0825874 0.692501
0.0853211 0.678021 0.0662218 0.660633
0.171739 0.495614 0.153967 0.481778
0.171739 0.495614 0.190975 0.496836
0.171739 0.495614 0.153601 0.533508
0.253307 0.593833 0.270643 0.566656
0.253307 0.593833 0.254456 0.598166
0.454127 0.817854 0.438354 0.848726
0.454127 0.817854 0.453505 0.814157
0.454127 0.817854 0.481076 0.837734
0.381182 0.874135 0.375063 0.870874
0.381182 0.874135 0.395986 0.872181
0.381182 0.874135 0.384051 0.914004
0.188227 0.916969 0.168169 0.901177
0.188227 0.916969 0.195257 0.917034
0.652971 0.83937 0.628423 0.859434
0.652971 0.83937 0.652075 0.831131
0.652971 0.83937 0.664711 0.851915
0.4207 0.699552 0.423749 0.700132
0.4207 0.699552 0.406676 0.709284
0.4207 0.699552 0.411366 0.666181
0.0719774 0.771051 0.0703327 0.787488
0.0719774 0.771051 0.0568911 0.748752
0.0719774 0.771051 0.101414 0.756158
0.0885433 0.479115 0.0996776 0.461398
0.0885433 0.479115 0.0939817 0.503063
0.0885433 0.479115 0.0490904 0.481754
0.159258 0.342413 0.117442 0.358046
0.159258 0.342413 0.161302 0.337852
0.159258 0.342413 0.167213 0.370736
0.792708 0.908404 0.806413 0.932619
0.792708 0.908404 0.776967 0.905512
0.792708 0.908404 0.814566 0.884473
0.785995 0.646047 0.788035 0.672254
0.785995 0.646047 0.756206 0.629384
0.785995 0.646047 0.814305 0.624171
0.522112 0.728879 0.492412 0.739296
0.522112 0.728879 0.514998 0.691171
0.522112 0.728879 0.536805 0.736795
0.828103 0.477375 0.790423 0.475621
0.828103 0.477375 0.832024 0.475167
0.828103 0.477375 0.817026 0.520376
0.749815 0.823767 0.754799 0.797349
0.749815 0.823767 0.75425 0.832062
0.749815 0.823767 0.706441 0.816269
0.480899 0.930327 0.475512 0.914831
0.480899 0.930327 0.508078 0.942335
0.480899 0.930327 0.46331 0.958217
0.959005 0.883824 0.964946 0.87688
0.959005 0.883824 0.956713 0.904903
0.959005 0.883824 0.919681 0.86442
0.754799 0.797349 0.727601 0.776081
0.754799 0.797349 0.782706 0.785784
0.962864 0.914314 1 0.919353
0.962864 0.914314 0.950688 0.955851
0.962864 0.914314 0.956713 0.904903
0.949636 0.830484 0.949525 0.81992
0.949636 0.830484 0.956126 0.834966
0.949636 0.830484 0.926756 0.841597
0.968472 0.74154 0.994063 0.711452
0.968472 0.74154 1 0.765304
0.968472 0.74154 0.961318 0.742563
0.75678 0.615946 0.756206 0.629384
0.75678 0.615946 0.738403 0.59592
0.75678 0.615946 0.79192 0.601178
0.738348 0.568192 0.705533 0.554921
0.738348 0.568192 0.746684 0.529061
0.738348 0.568192 0.742843 0.576575
0.592387 0.592436 0.592061 0.592616
0.592387 0.592436 0.612806 0.552998
0.592387 0.592436 0.638115 0.599045
0.779213 0.465295 0.747031 0.491926
0.779213 0.465295 0.776249 0.454729
0.779213 0.465295 0.790423 0.475621
0.559281 0.161957 0.585311 0.183436
0.559281 0.161957 0.542111 0.166079
0.559281 0.161957 0.569721 0.144754
0.673209 0.613959 0.645601 0.611507
0.673209 0.613959 0.691912 0.599297
0.673209 0.613959 0.678879 0.646898
0.534671 0.481693 0.537251 0.493831
0.534671 0.481693 0.507794 0.467659
0.534671 0.481693 0.557767 0.463736
0.396021 0.811661 0.381144 0.813048
0.396021 0.811661 0.409894 0.800602
0.396021 0.811661 0.415619 0.845658
0.583938 0.616287 0.541978 0.607556
0.583938 0.616287 0.592061 0.592616
0.583938 0.616287 0.583966 0.616426
0.724442 0.481245 0.747031 0.491926
0.724442 0.481245 0.704311 0.495024
0.724442 0.481245 0.726607 0.455885
0.638115 0.599045 0.645976 0.559882
0.638115 0.599045 0.645601 0.611507
0.675859 0.141153 0.673758 0.14198
0.675859 0.141153 0.678052 0.138594
0.675859 0.141153 0.701653 0.180474
0.336482 0.216802 0.320697 0.213199
0.336482 0.216802 0.337225 0.216471
0.336482 0.216802 0.335946 0.250015
0.823367 0.222024 0.821447 0.226844
0.823367 0.222024 0.81561 0.203397
0.823367 0.222024 0.86636 0.217115
0.819025 0.419214 0.853581 0.423432
0.819025 0.419214 0.816037 0.421154
0.819025 0.419214 0.826082 0.385324
0.726607 0.455885 0.764186 0.444384
0.726607 0.455885 0.716422 0.445022
0.00436781 0.194744 0.0151825 0.202269
0.00436781 0.194744 0 0.19489
0.00436781 0.194744 0.0287789 0.154988
0.0442721 0.240237 0.0506124 0.258455
0.0442721 0.240237 0.0259092 0.236406
0.0442721 0.240237 0.0644339 0.220255
0.0589237 0.0616804 0.0476275 0.0249098
0.0589237 0.0616804 0.0627644 0.0635683
0.0589237 0.0616804 0.0262314 0.0744489
0.0930971 0.262838 0.0869726 0.271566
0.0930971 0.262838 0.0920468 0.245614
0.0930971 0.262838 0.128434 0.261034
0.0259092 0.236406 0.0151825 0.202269
0.0259092 0.236406 0 0.254609
0.0660561 0.209821 0.0644339 0.220255
0.0660561 0.209821 0.059244 0.195394
0.0660561 0.209821 0.117016 0.204277
0.0506124 0.258455 0.0869726 0.271566
0.0506124 0.258455 0.0365284 0.280583
0.217206 0.248073 0.217312 0.248556
0.217206 0.248073 0.21131 0.243855
0.217206 0.248073 0.242788 0.224167
0.104388 0.343081 0.0922532 0.334915
0.104388 0.343081 0.134521 0.306282
0.104388 0.343081 0.10854 0.352919
0.0627644 0.0635683 0.0705824 0.107177
0.0627644 0.0635683 0.0827007 0.058132
0.169746 0.190014 0.191623 0.171291
0.169746 0.190014 0.170695 0.206519
0.169746 0.190014 0.143185 0.168839
0.308136 0 0.309324 0.0118515
0.0459974 0.0236717 0.0376017 0
0.0459974 0.0236717 0.0476275 0.0249098
0.0459974 0.0236717 0.0110612 0.0479398
0.209211 0 0.219826 0.0423014
0.217312 0.248556 0.245479 0.275498
0.217312 0.248556 0.188266 0.292875
0.368706 0.0114756 0.392675 0.0495312
0.368706 0.0114756 0.333254 0.0307515
0.368706 0.0114756 0.371427 0
0.205285 0.123307 0.179372 0.148659
0.205285 0.123307 0.204844 0.121226
0.205285 0.123307 0.229454 0.145935
0.229454 0.145935 0.211953 0.175092
0.229454 0.145935 0.250034 0.143891
0.304132 0.254777 0.315416 0.260013
0.304132 0.254777 0.275618 0.267072
0.304132 0.254777 0.302028 0.229169
0.500286 0.255045 0.534947 0.249664
0.500286 0.255045 0.491074 0.269679
0.500286 0.255045 0.4912 0.22033
0.320697 0.213199 0.305057 0.185752
0.320697 0.213199 0.302028 0.229169
0.542111 0.166079 0.528648 0.14978
0.542111 0.166079 0.533672 0.182516
0.317088 0.44185 0.311237 0.457144
0.317088 0.44185 0.312968 0.429395
0.317088 0.44185 0.355421 0.444687
0.284499 0.147251 0.300241 0.184531
0.284499 0.147251 0.256944 0.148598
0.284499 0.147251 0.29902 0.134069
0.30038 0.12398 0.334812 0.101664
0.30038 0.12398 0.29902 0.134069
0.30038 0.12398 0.280557 0.0971554
0.188266 0.292875 0.192001 0.299792
0.188266 0.292875 0.169062 0.28259
0.143556 0.288233 0.134397 0.301592
0.143556 0.288233 0.128434 0.261034
0.143556 0.288233 0.169062 0.28259
0.134397 0.301592 0.134521 0.306282
0.134397 0.301592 0.0870222 0.289103
0.0869726 0.271566 0.0870222 0.289103
0.271156 0.265469 0.275618 0.267072
0.271156 0.265469 0.245479 0.275498
0.271156 0.265469 0.265778 0.234641
0.223544 0.402298 0.264957 0.410025
0.223544 0.402298 0.221164 0.404127
0.223544 0.402298 0.230066 0.375868
0.28891 0.312311 0.296495 0.327953
0.28891 0.312311 0.247638 0.317579
0.28891 0.312311 0.292582 0.303097
0.183742 0.439824 0.155359 0.459915
0.183742 0.439824 0.172929 0.414997
0.183742 0.439824 0.199386 0.445403
0.435914 0.196185 0.425633 0.174276
0.435914 0.196185 0.448474 0.19876
0.435914 0.196185 0.420218 0.209236
0.287238 0.527486 0.294395 0.5024
0.287238 0.527486 0.292731 0.534991
0.287238 0.527486 0.24881 0.526903
0.379955 0.490923 0.395621 0.478103
0.379955 0.490923 0.382624 0.510597
0.379955 0.490923 0.358705 0.481992
0.476423 0.591454 0.498992 0.598985
0.476423 0.591454 0.461935 0.6052
0.476423 0.591454 0.470347 0.560502
0.244143 0.329964 0.247638 0.317579
0.244143 0.329964 0.253283 0.35189
0.244143 0.329964 0.205135 0.343035
0.494333 0.338766 0.512688 0.353015
0.494333 0.338766 0.460332 0.363363
0.494333 0.338766 0.493412 0.324492
0.305778 0.498681 0.31708 0.470864
0.305778 0.498681 0.331256 0.514797
0.305778 0.498681 0.294395 0.5024
0.355421 0.444687 0.358705 0.481992
0.355421 0.444687 0.369514 0.43083
0.207747 0.596413 0.212886 0.62578
0.207747 0.596413 0.176233 0.581047
0.207747 0.596413 0.22737 0.576628
0.221164 0.404127 0.196016 0.396486
0.221164 0.404127 0.217818 0.430875
0.117442 0.358046 0.130081 0.384944
0.117442 0.358046 0.10854 0.352919
0.205483 0.357681 0.230066 0.375868
0.205483 0.357681 0.189363 0.374407
0.205483 0.357681 0.205135 0.343035
0.153228 0.387835 0.16477 0.411421
0.153228 0.387835 0.130081 0.384944
0.153228 0.387835 0.167213 0.370736
0.255195 0.447281 0.257982 0.446231
0.255195 0.447281 0.236833 0.475511
0.255195 0.447281 0.217818 0.430875
0.0593242 0.374393 0.0513453 0.349079
0.0593242 0.374393 0.0808239 0.381744
0.0593242 0.374393 0.0374545 0.396475
0.031054 0.348108 0.0154276 0.318863
0.031054 0.348108 0.0513453 0.349079
0.031054 0.348108 0.00432689 0.372229
0.169465 0.248026 0.175427 0.242468
0.169465 0.248026 0.169062 0.28259
0.169465 0.248026 0.137782 0.240635
0.161302 0.337852 0.134521 0.306282
0.161302 0.337852 0.187497 0.325633
0 0.314061 0.0154276 0.318863
0.0513453 0.349079 0.0571652 0.341992
0.0154276 0.318863 0.0472145 0.30252
0.0374686 0.396641 0.0626111 0.420174
0.0374686 0.396641 0.0187108 0.423477
0.0374686 0.396641 0.0374545 0.396475
0.106625 0.409632 0.116097 0.406887
0.106625 0.409632 0.0947442 0.448433
0.106625 0.409632 0.0860712 0.39826
0.00162378 0.467408 2.1684e-19 0.467738
0.00162378 0.467408 0.0250924 0.438764
0.00162378 0.467408 0.0432743 0.4882
0.029971 0.754472 0.0568911 0.748752
0.029971 0.754472 0.019414 0.778671
0.029971 0.754472 0.0150725 0.73848
0.0995542 0.557996 0.0986749 0.554012
0.0995542 0.557996 0.107689 0.56552
0.0995542 0.557996 0.0688128 0.575832
0.0432743 0.4882 0.0490904 0.481754
0.0432743 0.4882 0.0425268 0.49855
0.137542 0.568576 0.149881 0.534912
0.137542 0.568576 0.147881 0.58038
0.137542 0.568576 0.107689 0.56552
0.381144 0.813048 0.37029 0.799731
0.381144 0.813048 0.359578 0.844073
0.0663627 0.595915 0.0688128 0.575832
0.0663627 0.595915 0.0759019 0.607674
0.0663627 0.595915 0.0371366 0.599062
0.0939817 0.503063 0.11584 0.516867
0.0939817 0.503063 0.0723041 0.517141
0.203523 0.670752 0.210771 0.627269
0.203523 0.670752 0.223 0.684552
0.203523 0.670752 0.183708 0.672662
0.0670349 0.842901 0.0668291 0.861459
0.0670349 0.842901 0.0534302 0.826533
0.0670349 0.842901 0.112876 0.828891
0.22737 0.576628 0.253307 0.593833
0.22737 0.576628 0.225674 0.562886
0.114386 0.82026 0.112876 0.828891
0.114386 0.82026 0.107243 0.803597
0.114386 0.82026 0.149048 0.807471
0.0595507 0.735917 0.0568911 0.748752
0.0595507 0.735917 0.0392127 0.70301
0.0595507 0.735917 0.0991077 0.717221
0.162128 0.72369 0.180508 0.708174
0.162128 0.72369 0.160699 0.731105
0.162128 0.72369 0.13524 0.688607
0.188335 0.87337 0.212092 0.877651
0.188335 0.87337 0.168052 0.893599
0.188335 0.87337 0.181926 0.854435
0.0310161 0.829851 0.0121965 0.854957
0.0310161 0.829851 0.0115155 0.810885
0.0310161 0.829851 0.0534302 0.826533
0.0315247 0.879541 0 0.912453
0.0315247 0.879541 0.0121965 0.854957
0.0315247 0.879541 0.0532016 0.882049
0 0.52099 0.0244363 0.522998
0 0.916026 0.051283 0.924248
0.0945656 0.904236 0.112344 0.882543
0.0945656 0.904236 0.0972818 0.920248
0.0945656 0.904236 0.0586032 0.896199
0.0916379 0.993509 0.0909102 1
0.0916379 0.993509 0.0718134 0.971006
0.0916379 0.993509 0.12177 0.974371
0.0515706 0.924992 0.0817663 0.937411
0.0515706 0.924992 0.0425269 0.951974
0.0515706 0.924992 0.051283 0.924248
0.112581 0.959082 0.12177 0.974371
0.112581 0.959082 0.0853814 0.953012
0.112581 0.959082 0.122179 0.930945
0.293536 0.938041 0.309928 0.927165
0.293536 0.938041 0.290672 0.965145
0.293536 0.938041 0.256156 0.921627
0.12177 0.974371 0.137261 0.980603
0.0718134 0.971006 0.0853814 0.953012
0.0718134 0.971006 0.0603988 0.97247
0.112344 0.882543 0.109875 0.877891
0.112344 0.882543 0.117242 0.884045
0.105189 0.719623 0.13524 0.688607
0.105189 0.719623 0.105985 0.721262
0.105189 0.719623 0.0991077 0.717221
0.212092 0.877651 0.223306 0.892578
0.212092 0.877651 0.218127 0.845865
0.208803 0.742091 0.212748 0.738405
0.208803 0.742091 0.204607 0.775323
0.208803 0.742091 0.175446 0.745202
0.384854 0.752424 0.398542 0.752853
0.384854 0.752424 0.371813 0.762073
0.384854 0.752424 0.368651 0.722392
0.233378 0.835964 0.218127 0.845865
0.233378 0.835964 0.215782 0.808313
0.233378 0.835964 0.247349 0.837372
0.308411 0.696303 0.282864 0.722251
0.308411 0.696303 0.308456 0.688006
0.308411 0.696303 0.336343 0.726983
0.148774 0.872019 0.152685 0.850337
0.148774 0.872019 0.168052 0.893599
0.148774 0.872019 0.117242 0.884045
0.184821 0.814514 0.164308 0.819303
0.184821 0.814514 0.182066 0.781472
0.184821 0.814514 0.185731 0.815028
0.309928 0.927165 0.316247 0.90881
0.309928 0.927165 0.343739 0.959255
0.25224 0.92273 0.223327 0.893442
0.25224 0.92273 0.256156 0.921627
0.25224 0.92273 0.248703 0.929258
0.363081 0.948701 0.365301 0.928147
0.363081 0.948701 0.390469 0.965384
0.363081 0.948701 0.343739 0.959255
0.339357 0.843563 0.326978 0.830846
0.339357 0.843563 0.359578 0.844073
0.339357 0.843563 0.320831 0.869317
0.255371 0.968545 0.248703 0.929258
0.255371 0.968545 0.290672 0.965145
0.255371 0.968545 0.247811 0.97854
0.16717 0.958944 0.16204 0.959096
0.16717 0.958944 0.188227 0.916969
0.16717 0.958944 0.193396 0.973434
0.359578 0.844073 0.375063 0.870874
0.27588 0.879749 0.253824 0.867116
0.27588 0.879749 0.292585 0.863359
0.27588 0.879749 0.277426 0.889516
0.350424 0.678281 0.313166 0.680441
0.350424 0.678281 0.357006 0.644856
0.350424 0.678281 0.354467 0.683033
0.477577 0.703681 0.461745 0.680291
0.477577 0.703681 0.478413 0.704001
0.477577 0.703681 0.44709 0.727686
0.224442 0.689795 0.223 0.684552
0.224442 0.689795 0.254708 0.704556
0.224442 0.689795 0.208107 0.714541
0.377461 0.644246 0.393683 0.621742
0.377461 0.644246 0.394172 0.664396
0.377461 0.644246 0.357006 0.644856
0.326522 0.783045 0.318261 0.781069
0.326522 0.783045 0.346814 0.757466
0.326522 0.783045 0.331871 0.790046
0.487273 0.751546 0.466993 0.761056
0.487273 0.751546 0.492412 0.739296
0.487273 0.751546 0.512979 0.771827
0.290443 0.794136 0.282065 0.791022
0.290443 0.794136 0.318261 0.781069
0.290443 0.794136 0.297481 0.827157
0.208107 0.714541 0.180508 0.708174
0.208107 0.714541 0.212748 0.738405
0.182066 0.781472 0.172773 0.77564
0.182066 0.781472 0.204607 0.775323
0.119928 0.616313 0.102144 0.600571
0.119928 0.616313 0.129455 0.613407
0.119928 0.616313 0.109274 0.64459
0.102144 0.600571 0.0759019 0.607674
0.102144 0.600571 0.107689 0.56552
0.149881 0.534912 0.153601 0.533508
0.149881 0.534912 0.118432 0.51616
0.183708 0.672662 0.16471 0.635441
0.183708 0.672662 0.176741 0.680782
0.114489 0.658114 0.109274 0.64459
0.114489 0.658114 0.129686 0.666651
0.114489 0.658114 0.0853211 0.678021
0.25041 0.649952 0.231238 0.628014
0.25041 0.649952 0.262873 0.651577
0.25041 0.649952 0.223 0.684552
0.171409 0.629113 0.169156 0.584658
0.171409 0.629113 0.210771 0.627269
0.171409 0.629113 0.16471 0.635441
0.357006 0.644856 0.347893 0.636399
0.31708 0.470864 0.311237 0.457144
0.31708 0.470864 0.349543 0.484914
0.555015 0.551858 0.575177 0.534026
0.555015 0.551858 0.557285 0.56474
0.555015 0.551858 0.531441 0.54194
0.494764 0.648971 0.523004 0.680082
0.494764 0.648971 0.461958 0.674272
0.494764 0.648971 0.494763 0.639092
0.558797 0.352277 0.544475 0.341014
0.558797 0.352277 0.592756 0.329746
0.558797 0.352277 0.561926 0.368086
0.705533 0.554921 0.686097 0.570537
0.705533 0.554921 0.709552 0.525088
0.645558 0.433774 0.658764 0.406751
0.645558 0.433774 0.648052 0.442913
0.645558 0.433774 0.61405 0.419369
0.776249 0.454729 0.814218 0.42668
0.776249 0.454729 0.764186 0.444384
0.598343 0.850838 0.594138 0.853244
0.598343 0.850838 0.615083 0.812121
0.598343 0.850838 0.628423 0.859434
0.579315 0.693679 0.560252 0.701923
0.579315 0.693679 0.580508 0.66949
0.579315 0.693679 0.602407 0.704705
0.592061 0.592616 0.557285 0.56474
0.498992 0.598985 0.512286 0.584552
0.498992 0.598985 0.504789 0.626787
0.605954 0.63662 0.583966 0.616426
0.605954 0.63662 0.634266 0.630035
0.605954 0.63662 0.604167 0.656371
0.504789 0.626787 0.530314 0.624348
0.504789 0.626787 0.494763 0.639092
0.488278 0.515074 0.523986 0.522189
0.488278 0.515074 0.477106 0.552821
0.488278 0.515074 0.483557 0.506741
0.621096 0.550145 0.612806 0.552998
0.621096 0.550145 0.623072 0.510167
0.621096 0.550145 0.645976 0.559882
0.407336 0.746765 0.444773 0.751004
0.407336 0.746765 0.398542 0.752853
0.407336 0.746765 0.406676 0.709284
0.354467 0.683033 0.3509 0.718901
0.354467 0.683033 0.378505 0.685195
0.461745 0.680291 0.423749 0.700132
0.461745 0.680291 0.461958 0.674272
0.478413 0.704001 0.492412 0.739296
0.478413 0.704001 0.514998 0.691171
0.498366 0.800656 0.508536 0.79447
0.498366 0.800656 0.499439 0.829567
0.498366 0.800656 0.471839 0.794663
0.320831 0.869317 0.292585 0.863359
0.320831 0.869317 0.326518 0.900857
0.428773 0.94429 0.421293 0.942892
0.428773 0.94429 0.454704 0.909843
0.428773 0.94429 0.44586 0.961571
0.326518 0.900857 0.316247 0.90881
0.326518 0.900857 0.337095 0.902088
0.555037 0.951406 0.528422 0.927785
0.555037 0.951406 0.58161 0.94119
0.555037 0.951406 0.547479 0.973862
0.508536 0.79447 0.512979 0.771827
0.508536 0.79447 0.538784 0.809382
0.592725 0.948439 0.58161 0.94119
0.592725 0.948439 0.623808 0.94857
0.592725 0.948439 0.587037 1
0.514998 0.691171 0.523004 0.680082
0.522539 0.841942 0.499439 0.829567
0.522539 0.841942 0.538784 0.809382
0.522539 0.841942 0.52599 0.852175
0.467896 0.870628 0.445112 0.861983
0.467896 0.870628 0.477696 0.865662
0.467896 0.870628 0.464056 0.907851
0.666155 0.723364 0.656273 0.722414
0.666155 0.723364 0.682713 0.713067
0.666155 0.723364 0.683173 0.764832
0.453505 0.814157 0.423239 0.798907
0.453505 0.814157 0.471839 0.794663
0.828491 0.810163 0.793166 0.794396
0.828491 0.810163 0.847563 0.793317
0.828491 0.810163 0.82688 0.83626
0.806413 0.932619 0.835733 0.928895
0.806413 0.932619 0.79933 0.94543
0.731399 0.723134 0.712801 0.732203
0.731399 0.723134 0.735414 0.701352
0.731399 0.723134 0.755368 0.747002
0.704453 0.817591 0.70338 0.85144
0.704453 0.817591 0.689719 0.812331
0.704453 0.817591 0.706441 0.816269
0.787032 0.842063 0.786309 0.861908
0.787032 0.842063 0.782449 0.837253
0.787032 0.842063 0.82688 0.83626
0.703946 0.962278 0.698223 0.976654
0.703946 0.962278 0.686328 0.933459
0.703946 0.962278 0.726228 0.95923
0.828746 0.975821 0.803383 0.962465
0.828746 0.975821 0.840506 0.972602
0.828746 0.975821 0.816006 1
0.759754 0.972746 0.740776 0.973624
0.759754 0.972746 0.766515 0.946214
0.759754 0.972746 0.766031 0.97955
1 0.968926 0.969405 0.968583
1 0.868587 0.964946 0.87688
0.935791 0.958714 0.921307 0.947795
0.935791 0.958714 0.950688 0.955851
0.935791 0.958714 0.921497 0.985883
0.88105 0.935902 0.846785 0.91465
0.88105 0.935902 0.902445 0.903743
0.88105 0.935902 0.884662 0.949773
0.902445 0.903743 0.86513 0.887313
0.902445 0.903743 0.906777 0.902861
0.879154 0.828961 0.842768 0.849058
0.879154 0.828961 0.847563 0.793317
0.879154 0.828961 0.879874 0.829047
0.975099 0.792198 1 0.770049
0.975099 0.792198 1 0.822277
0.793166 0.794396 0.782449 0.837253
0.793166 0.794396 0.789884 0.788816
1 0.711813 0.994063 0.711452
1 0.371835 0.977831 0.363696
1 0.410757 0.976265 0.412203
0.782706 0.785784 0.767652 0.746649
0.782706 0.785784 0.789884 0.788816
0.753201 0.525228 0.746684 0.529061
0.753201 0.525228 0.755944 0.516638
0.753201 0.525228 0.783549 0.549915
0.781514 0.677081 0.747984 0.665379
0.781514 0.677081 0.788035 0.672254
0.781514 0.677081 0.775948 0.705007
0.678879 0.646898 0.6678 0.664642
0.678879 0.646898 0.716866 0.648143
0.767652 0.746649 0.755368 0.747002
0.767652 0.746649 0.772076 0.742359
0.691759 0.690653 0.6678 0.664642
0.691759 0.690653 0.703916 0.686962
0.691759 0.690653 0.682713 0.713067
0.892767 0.460099 0.893893 0.462097
0.892767 0.460099 0.858373 0.451418
0.892767 0.460099 0.898878 0.429517
0.957352 0.594614 0.961684 0.578214
0.957352 0.594614 0.980212 0.619615
0.957352 0.594614 0.937745 0.607365
0.7047 0.518682 0.665236 0.529811
0.7047 0.518682 0.704311 0.495024
0.7047 0.518682 0.709552 0.525088
0.645601 0.611507 0.634266 0.630035
0.967725 0.641504 0.980212 0.619615
0.967725 0.641504 0.995096 0.661367
0.967725 0.641504 0.954464 0.64573
0.94481 0.515304 0.928876 0.499332
0.94481 0.515304 0.970984 0.495935
0.94481 0.515304 0.945362 0.530055
0.980212 0.619615 1 0.614016
0.975282 0.691063 0.971308 0.690522
0.975282 0.691063 0.995096 0.661367
0.975282 0.691063 0.994063 0.711452
0.940397 0.359937 0.935831 0.377767
0.940397 0.359937 0.922967 0.340106
0.940397 0.359937 0.971566 0.350232
1 0.505274 0.977004 0.537506
1 0.504464 0.970984 0.495935
0.909576 0.340979 0.922967 0.340106
0.909576 0.340979 0.897211 0.360195
0.909576 0.340979 0.89037 0.311527
0.971435 0.453853 1 0.4597
0.971435 0.453853 0.954985 0.462696
0.971435 0.453853 0.976265 0.412203
1 0.570934 0.986936 0.567075
0.944523 0.152676 0.956063 0.117889
0.944523 0.152676 0.953441 0.161697
0.944523 0.152676 0.919306 0.1518
0.871417 0.401276 0.871036 0.406425
0.871417 0.401276 0.847041 0.372543
0.871417 0.401276 0.901037 0.379474
0.935831 0.377767 0.962287 0.397414
0.935831 0.377767 0.915159 0.386388
0.954764 0.197228 0.946019 0.202289
0.954764 0.197228 0.953441 0.161697
0.954764 0.197228 0.962793 0.199714
0.66141 0.358025 0.675589 0.334663
0.66141 0.358025 0.683165 0.387522
0.66141 0.358025 0.644436 0.360037
0.898878 0.429517 0.921776 0.419195
0.898878 0.429517 0.871036 0.406425
0.964184 0.405091 0.962287 0.397414
0.964184 0.405091 0.976265 0.412203
0.964184 0.405091 0.934106 0.424026
0.832024 0.475167 0.832965 0.475155
0.832024 0.475167 0.814218 0.42668
0.928876 0.499332 0.899103 0.501945
0.928876 0.499332 0.941563 0.462643
0.743369 0.326376 0.761406 0.353932
0.743369 0.326376 0.725937 0.328727
0.743369 0.326376 0.764277 0.300781
0.747031 0.491926 0.755944 0.516638
0.612022 0.467658 0.59948 0.463124
0.612022 0.467658 0.641753 0.45583
0.612022 0.467658 0.6272 0.505661
0.732768 0.37168 0.755611 0.367195
0.732768 0.37168 0.726161 0.404779
0.732768 0.37168 0.714156 0.356748
0.493412 0.324492 0.526483 0.299864
0.648052 0.442913 0.685317 0.447129
0.648052 0.442913 0.641753 0.45583
0.42751 0.434166 0.433354 0.412939
0.42751 0.434166 0.447373 0.452951
0.42751 0.434166 0.399686 0.44087
0.312968 0.429395 0.268147 0.423104
0.312968 0.429395 0.317113 0.415978
0.365922 0.332741 0.341221 0.316524
0.365922 0.332741 0.390777 0.309606
0.365922 0.332741 0.36774 0.352905
0.391289 0.201482 0.386522 0.203932
0.391289 0.201482 0.402882 0.168305
0.391289 0.201482 0.420218 0.209236
0.408321 0.324068 0.394284 0.309392
0.408321 0.324068 0.4444 0.315958
0.408321 0.324068 0.408372 0.352071
0.386522 0.203932 0.355699 0.181107
0.386522 0.203932 0.377599 0.229075
0.577437 0.302134 0.544277 0.312986
0.577437 0.302134 0.565843 0.268871
0.577437 0.302134 0.579076 0.302842
0.578497 0.417051 0.597129 0.428294
0.578497 0.417051 0.550813 0.422194
0.578497 0.417051 0.58639 0.380256
0.831354 0.258775 0.852226 0.267643
0.831354 0.258775 0.808021 0.271378
0.831354 0.258775 0.821447 0.226844
0.871114 0.315624 0.849912 0.286106
0.871114 0.315624 0.89037 0.311527
0.871114 0.315624 0.86488 0.323886
0.587114 0.193408 0.585311 0.183436
0.587114 0.193408 0.611238 0.209015
0.587114 0.193408 0.561535 0.219473
0.710962 0.0891546 0.714369 0.127519
0.710962 0.0891546 0.684046 0.0801012
0.710962 0.0891546 0.728269 0.0791372
0.671465 0.0967107 0.678052 0.138594
0.671465 0.0967107 0.640654 0.0991354
0.671465 0.0967107 0.682716 0.0804509
0.65675 0.224393 0.655266 0.227783
0.65675 0.224393 0.642742 0.184366
0.65675 0.224393 0.686392 0.215219
0.637901 0.0605445 0.627414 0.0855332
0.637901 0.0605445 0.619453 0.0377446
0.637901 0.0605445 0.655009 0.0584076
0.612835 0.139179 0.611081 0.137989
0.612835 0.139179 0.637411 0.126942
0.612835 0.139179 0.61674 0.158283
0.611081 0.137989 0.598704 0.104408
0.611081 0.137989 0.569721 0.144754
0.571293 0.1077 0.598704 0.104408
0.571293 0.1077 0.563712 0.11808
0.571293 0.1077 0.555717 0.0709768
0.544427 0.0746958 0.514487 0.0621485
0.544427 0.0746958 0.555717 0.0709768
0.453447 0.132513 0.447747 0.142126
0.453447 0.132513 0.451718 0.120162
0.453447 0.132513 0.489216 0.134055
0.564937 0.0597668 0.555717 0.0709768
0.564937 0.0597668 0.559325 0.0335813
0.564937 0.0597668 0.587319 0.0637428
0.598704 0.104408 0.606348 0.0902084
0.619453 0.0377446 0.61596 0.0377428
0.619453 0.0377446 0.633956 0.0181482
0.27953 0.036902 0.256824 0.029676
0.27953 0.036902 0.309324 0.0118515
0.668859 0.0299355 0.655009 0.0584076
0.668859 0.0299355 0.665276 0.0204598
0.668859 0.0299355 0.697845 0.0417368
0.802778 0.0556395 0.81586 0.0386035
0.802778 0.0556395 0.81302 0.0857899
0.802778 0.0556395 0.771251 0.060163
0.846371 0.0639384 0.817747 0.0385776
0.846371 0.0639384 0.867075 0.0499514
0.846371 0.0639384 0.843942 0.0818602
0.77611 0.101907 0.771251 0.060163
0.77611 0.101907 0.786445 0.10623
0.887336 0.0797135 0.921598 0.0924818
0.887336 0.0797135 0.862904 0.101801
0.887336 0.0797135 0.884666 0.0594098
0.870606 0.211363 0.844489 0.175158
0.870606 0.211363 0.878495 0.208697
0.870606 0.211363 0.86636 0.217115
0.769089 0.205598 0.768507 0.214855
0.769089 0.205598 0.750035 0.195466
0.769089 0.205598 0.789666 0.189116
0.885241 0.125887 0.862904 0.101801
0.885241 0.125887 0.904568 0.126304
0.885241 0.125887 0.867022 0.154992
0.81586 0.0386035 0.802654 0.0208
0.81586 0.0386035 0.817747 0.0385776
0.974953 0.243164 0.983411 0.228703
0.974953 0.243164 0.986064 0.267061
0.974953 0.243164 0.942588 0.248
0.983411 0.228703 0.962793 0.199714
0.983411 0.228703 1 0.226604
0.931953 0.20134 0.904966 0.173998
0.931953 0.20134 0.946019 0.202289
0.931953 0.20134 0.905956 0.2222
0.98854 0.15391 0.978356 0.109609
0.98854 0.15391 1 0.160072
0.98854 0.15391 0.953441 0.161697
0.867075 0.0499514 0.8651 0.0309712
0.867075 0.0499514 0.884666 0.0594098
0.922498 0.0994863 0.904568 0.126304
0.922498 0.0994863 0.921598 0.0924818
0.922498 0.0994863 0.956063 0.117889
0.0110612 0.0479398 0.0262314 0.0744489
0.0110612 0.0479398 0 0.0440051
0.0476275 0.0249098 0.0925703 0.020335
0.233024 0.0940229 0.245195 0.0733783
0.233024 0.0940229 0.254208 0.114438
0.233024 0.0940229 0.217706 0.0975315
0.0925703 0.020335 0.0952228 0.0258867
0.0925703 0.020335 0.0966146 0
0.177484 0.0780719 0.178296 0.107862
0.177484 0.0780719 0.162028 0.0646916
0.177484 0.0780719 0.203395 0.0774089
0.0952228 0.0258867 0.0827007 0.058132
0.112492 0.0787929 0.0827007 0.058132
0.112492 0.0787929 0.120313 0.0788452
0.112492 0.0787929 0.074415 0.106997
0.120313 0.0788452 0.129503 0.0839913
0.0624885 0.11349 0.0344867 0.103942
0.0624885 0.11349 0.0705824 0.107177
0.0624885 0.11349 0.0594115 0.139181
0 0.0884772 0.0240923 0.0808813
0.0262314 0.0744489 0.0240923 0.0808813
0.0287789 0.154988 0.0370933 0.155284
0.0705824 0.107177 0.074415 0.106997
0.0240923 0.0808813 0.0344867 0.103942
0.0594115 0.139181 0.0370933 0.155284
0.0594115 0.139181 0.080767 0.153853
0.117016 0.204277 0.118203 0.187102
0.117016 0.204277 0.121242 0.212948
0.080767 0.153853 0.0827337 0.171746
0.080767 0.153853 0.113482 0.137226
0.143185 0.168839 0.163304 0.145815
0.0827337 0.171746 0.118203 0.187102
0.129503 0.0839913 0.162028 0.0646916
0.129503 0.0839913 0.134254 0.110906
0.163304 0.145815 0.153298 0.11965
0.163304 0.145815 0.179372 0.148659
0.191623 0.171291 0.179372 0.148659
0.191623 0.171291 0.211953 0.175092
0.130113 0.219053 0.121242 0.212948
0.130113 0.219053 0.170695 0.206519
0.130113 0.219053 0.137782 0.240635
0.121242 0.212948 0.0920468 0.245614
0.171651 0.207443 0.170695 0.206519
0.171651 0.207443 0.201655 0.20995
0.171651 0.207443 0.175427 0.242468
0.201655 0.20995 0.21131 0.243855
0.258145 0.189595 0.278414 0.195807
0.258145 0.189595 0.256944 0.148598
0.134254 0.110906 0.153298 0.11965
0.250034 0.143891 0.254208 0.114438
0.250034 0.143891 0.256944 0.148598
0.162028 0.0646916 0.162911 0.05985
0.233999 0.0443683 0.219826 0.0423014
0.233999 0.0443683 0.256824 0.029676
0.233999 0.0443683 0.245195 0.0733783
0.204844 0.121226 0.178296 0.107862
0.204844 0.121226 0.217706 0.0975315
0.245195 0.0733783 0.282297 0.0808538
0.217706 0.0975315 0.203395 0.0774089
0.162911 0.05985 0.138119 0.0281821
0.162911 0.05985 0.180661 0.0404525
0.178296 0.107862 0.153298 0.11965
0.219319 0.0425752 0.180661 0.0404525
0.219319 0.0425752 0.219826 0.0423014
0.219319 0.0425752 0.203395 0.0774089
0.138119 0.0281821 0.147825 0
0.180661 0.0404525 0.171548 0
0.256824 0.029676 0.254153 0
0.443136 0.0734982 0.47107 0.0910135
0.443136 0.0734982 0.422544 0.0887809
0.443136 0.0734982 0.445226 0.0389171
0.309324 0.0118515 0.333254 0.0307515
0.397224 0.133425 0.447747 0.142126
0.397224 0.133425 0.392374 0.152828
0.36048 0.0729183 0.339183 0.101865
0.36048 0.0729183 0.333906 0.0470622
0.36048 0.0729183 0.371174 0.071367
0.278414 0.195807 0.281262 0.222531
0.278414 0.195807 0.300241 0.184531
0.339183 0.101865 0.349999 0.120189
0.339183 0.101865 0.334812 0.101664
0.471118 0.175205 0.484555 0.175623
0.471118 0.175205 0.448474 0.19876
0.471118 0.175205 0.447926 0.146493
0.300424 0.0707105 0.334812 0.101664
0.300424 0.0707105 0.333906 0.0470622
0.333906 0.0470622 0.333254 0.0307515
0.392675 0.0495312 0.390041 0.0566764
0.392675 0.0495312 0.429296 0.031173
0.422782 1.38778e-17 0.429296 0.031173
0.445226 0.0389171 0.429296 0.031173
0.445226 0.0389171 0.462413 0.0351885
0.61596 0.0377428 0.587319 0.0637428
0.61596 0.0377428 0.592756 0.017981
0.462413 0.0351885 0.47151 0
0.462413 0.0351885 0.46814 0.0376287
0.562547 0 0.566623 0.0236816
0.46814 0.0376287 0.490321 0.0814966
0.46814 0.0376287 0.513221 0.0288271
0.566623 0.0236816 0.592756 0.017981
0.566623 0.0236816 0.559325 0.0335813
0.451718 0.120162 0.47107 0.0910135
0.451718 0.120162 0.421319 0.0982117
0.47107 0.0910135 0.488627 0.0867144
0.490321 0.0814966 0.488627 0.0867144
0.490321 0.0814966 0.514487 0.0621485
0.496458 0.147258 0.484555 0.175623
0.496458 0.147258 0.489216 0.134055
0.496458 0.147258 0.528648 0.14978
0.390041 0.0566764 0.422544 0.0887809
0.390041 0.0566764 0.371174 0.071367
0.371174 0.071367 0.395549 0.120531
0.422544 0.0887809 0.421319 0.0982117
0.395549 0.120531 0.421319 0.0982117
0.402882 0.168305 0.425633 0.174276
0.402882 0.168305 0.392374 0.152828
0.447747 0.142126 0.447926 0.146493
0.526483 0.299864 0.525831 0.294599
0.526483 0.299864 0.544277 0.312986
0.489216 0.134055 0.501933 0.105405
0.488627 0.0867144 0.501933 0.105405
0.563712 0.11808 0.569721 0.144754
0.563712 0.11808 0.530506 0.114932
0.463914 0.224555 0.448474 0.19876
0.463914 0.224555 0.490986 0.220154
0.463914 0.224555 0.454934 0.240615
0.484555 0.175623 0.495845 0.187369
0.447926 0.146493 0.425633 0.174276
0.454934 0.240615 0.421824 0.244925
0.454934 0.240615 0.469815 0.270997
0.421824 0.244925 0.41415 0.274286
0.421824 0.244925 0.420531 0.243088
0.420218 0.209236 0.420531 0.243088
0.349999 0.120189 0.340187 0.157463
0.337225 0.216471 0.355699 0.181107
0.337225 0.216471 0.377599 0.229075
0.41415 0.274286 0.368316 0.261521
0.41415 0.274286 0.414387 0.274989
0.355699 0.181107 0.35313 0.168156
0.392374 0.152828 0.35313 0.168156
0.35313 0.168156 0.340908 0.159532
0.340908 0.159532 0.340187 0.157463
0.340908 0.159532 0.305057 0.185752
0.29902 0.134069 0.340187 0.157463
0.305057 0.185752 0.300241 0.184531
0.281262 0.222531 0.302028 0.229169
0.281262 0.222531 0.265778 0.234641
0.242788 0.224167 0.265778 0.234641
0.238628 0.300532 0.192001 0.299792
0.238628 0.300532 0.245479 0.275498
0.335946 0.250015 0.363387 0.265122
0.335946 0.250015 0.315416 0.260013
0.322123 0.290188 0.292582 0.303097
0.322123 0.290188 0.315416 0.260013
0.322123 0.290188 0.339665 0.297255
0.363387 0.265122 0.368316 0.261521
0.363387 0.265122 0.358272 0.283878
0.299498 0.380137 0.299925 0.379084
0.299498 0.380137 0.317113 0.415978
0.299498 0.380137 0.27155 0.394767
0.253283 0.35189 0.286661 0.353209
0.253283 0.35189 0.247949 0.366745
0.4444 0.315958 0.444968 0.315063
0.4444 0.315958 0.449359 0.360979
0.341221 0.316524 0.339665 0.297255
0.341221 0.316524 0.323737 0.33445
0.36774 0.352905 0.377289 0.360697
0.36774 0.352905 0.331924 0.363733
0.323737 0.33445 0.331924 0.363733
0.323737 0.33445 0.296495 0.327953
0.394284 0.309392 0.414387 0.274989
0.394284 0.309392 0.390777 0.309606
0.358272 0.283878 0.390777 0.309606
0.358272 0.283878 0.339665 0.297255
0.441248 0.289265 0.469815 0.270997
0.441248 0.289265 0.444968 0.315063
0.441248 0.289265 0.414387 0.274989
0.469815 0.270997 0.479178 0.27385
0.495845 0.187369 0.533672 0.182516
0.495845 0.187369 0.490986 0.220154
0.565843 0.268871 0.54268 0.264613
0.565843 0.268871 0.585001 0.250959
0.490986 0.220154 0.4912 0.22033
0.479178 0.27385 0.491074 0.269679
0.525831 0.294599 0.491074 0.269679
0.525831 0.294599 0.54268 0.264613
0.449359 0.360979 0.460332 0.363363
0.449359 0.360979 0.430849 0.368319
0.460332 0.363363 0.481159 0.397816
0.37748 0.380328 0.350122 0.399875
0.37748 0.380328 0.377289 0.360697
0.37748 0.380328 0.393465 0.395739
0.393465 0.395739 0.384283 0.430558
0.393465 0.395739 0.423812 0.389104
0.423812 0.389104 0.430849 0.368319
0.423812 0.389104 0.433354 0.412939
0.369514 0.43083 0.349669 0.401954
0.369514 0.43083 0.384283 0.430558
0.478877 0.404651 0.433354 0.412939
0.478877 0.404651 0.481159 0.397816
0.478877 0.404651 0.485242 0.430816
0.447373 0.452951 0.485242 0.430816
0.447373 0.452951 0.448523 0.464965
0.481159 0.397816 0.515847 0.384643
0.533972 0.395679 0.541225 0.417283
0.533972 0.395679 0.515847 0.384643
0.533972 0.395679 0.561926 0.368086
0.507794 0.467659 0.488594 0.482958
0.507794 0.467659 0.504635 0.443968
0.483557 0.506741 0.488594 0.482958
0.483557 0.506741 0.439311 0.509476
0.504635 0.443968 0.541225 0.417283
0.504635 0.443968 0.485242 0.430816
0.448523 0.464965 0.488594 0.482958
0.448523 0.464965 0.43438 0.487878
0.43438 0.487878 0.439311 0.509476
0.43438 0.487878 0.395621 0.478103
0.395621 0.478103 0.399686 0.44087
0.399686 0.44087 0.384283 0.430558
0.377289 0.360697 0.408372 0.352071
0.331924 0.363733 0.33086 0.365605
0.349669 0.401954 0.317113 0.415978
0.349669 0.401954 0.350122 0.399875
0.350122 0.399875 0.33086 0.365605
0.33086 0.365605 0.299925 0.379084
0.408372 0.352071 0.430849 0.368319
0.268147 0.423104 0.257982 0.446231
0.268147 0.423104 0.264957 0.410025
0.276993 0.48877 0.249093 0.499251
0.276993 0.48877 0.280278 0.464129
0.27155 0.394767 0.264957 0.410025
0.27155 0.394767 0.247949 0.366745
0.311237 0.457144 0.280278 0.464129
0.358705 0.481992 0.349543 0.484914
0.361037 0.533629 0.331465 0.515787
0.361037 0.533629 0.382624 0.510597
0.361037 0.533629 0.360849 0.542648
0.317386 0.536298 0.292731 0.534991
0.317386 0.536298 0.331465 0.515787
0.317386 0.536298 0.329708 0.562311
0.257982 0.446231 0.280278 0.464129
0.190975 0.496836 0.203375 0.516051
0.190975 0.496836 0.20697 0.472819
0.249093 0.499251 0.243873 0.518131
0.249093 0.499251 0.236833 0.475511
0.153967 0.481778 0.155359 0.459915
0.153967 0.481778 0.136954 0.487378
0.199386 0.445403 0.20697 0.472819
0.199386 0.445403 0.217818 0.430875
0.230066 0.375868 0.247949 0.366745
0.167213 0.370736 0.189363 0.374407
0.196016 0.396486 0.189363 0.374407
0.196016 0.396486 0.172929 0.414997
0.172929 0.414997 0.16477 0.411421
0.236833 0.475511 0.20697 0.472819
0.296495 0.327953 0.286661 0.353209
0.286661 0.353209 0.299925 0.379084
0.21131 0.243855 0.175427 0.242468
0.192001 0.299792 0.187497 0.325633
0.187497 0.325633 0.205135 0.343035
0.137782 0.240635 0.128434 0.261034
0.0920468 0.245614 0.0644339 0.220255
0.0808239 0.381744 0.0860712 0.39826
0.00432689 0.372229 0.0374545 0.396475
0.00432689 0.372229 0 0.372489
0.0365284 0.280583 0 0.274736
0.0860712 0.39826 0.0626111 0.420174
0.0187108 0.423477 0 0.418114
0.0187108 0.423477 0.0250924 0.438764
0.0626111 0.420174 0.0629132 0.436508
0.0503148 0.445478 0.0250924 0.438764
0.0503148 0.445478 0.0629132 0.436508
0.0503148 0.445478 0.0490904 0.481754
0.116097 0.406887 0.138181 0.427847
0.0629132 0.436508 0.0947442 0.448433
0.0947442 0.448433 0.0997671 0.456449
0.136954 0.487378 0.0996776 0.461398
0.138181 0.427847 0.137087 0.442731
0.138181 0.427847 0.16477 0.411421
0.0997671 0.456449 0.0996776 0.461398
0.0997671 0.456449 0.137087 0.442731
0.155359 0.459915 0.137087 0.442731
0.11584 0.516867 0.0986749 0.554012
0.0425268 0.49855 0.0723041 0.517141
0.0425268 0.49855 0.0244363 0.522998
0.0244363 0.522998 0.0390745 0.550091
0 0.582324 0.0183798 0.579294
0.0371366 0.599062 0.0341538 0.630627
0.0371366 0.599062 0.0183798 0.579294
0.0390745 0.550091 0.072023 0.535702
0.0390745 0.550091 0.0387193 0.553747
0.0183798 0.579294 0.0387193 0.553747
0.0405791 0.700319 0.0825874 0.692501
0.0405791 0.700319 0.0392127 0.70301
0.0759019 0.607674 0.0716712 0.631999
0.0723041 0.517141 0.072023 0.535702
0.129455 0.613407 0.147881 0.58038
0.129455 0.613407 0.164575 0.635463
0.0688128 0.575832 0.0387193 0.553747
0.0986749 0.554012 0.072023 0.535702
0.203375 0.516051 0.193788 0.548215
0.203375 0.516051 0.243873 0.518131
0.147881 0.58038 0.169156 0.584658
0.243873 0.518131 0.24881 0.526903
0.153601 0.533508 0.190449 0.550099
0.24881 0.526903 0.246729 0.543257
0.193788 0.548215 0.225674 0.562886
0.193788 0.548215 0.190449 0.550099
0.282791 0.612376 0.254456 0.598166
0.282791 0.612376 0.283972 0.611822
0.282791 0.612376 0.274855 0.643996
0.176233 0.581047 0.169156 0.584658
0.176233 0.581047 0.190449 0.550099
0.254456 0.598166 0.231238 0.628014
0.225674 0.562886 0.246729 0.543257
0.212886 0.62578 0.231238 0.628014
0.212886 0.62578 0.210771 0.627269
0.16471 0.635441 0.164575 0.635463
0.164575 0.635463 0.129686 0.666651
0.129686 0.666651 0.136348 0.682923
0.180508 0.708174 0.176741 0.680782
0.160699 0.731105 0.175446 0.745202
0.160699 0.731105 0.14312 0.740154
0.136348 0.682923 0.176741 0.680782
0.136348 0.682923 0.13524 0.688607
0.271708 0.679769 0.262873 0.651577
0.271708 0.679769 0.308456 0.688006
0.271708 0.679769 0.254708 0.704556
0.243399 0.745164 0.212748 0.738405
0.243399 0.745164 0.260752 0.718468
0.243399 0.745164 0.247743 0.756021
0.124575 0.772829 0.135719 0.770205
0.124575 0.772829 0.107243 0.803597
0.124575 0.772829 0.101414 0.756158
0.105985 0.721262 0.14312 0.740154
0.105985 0.721262 0.101414 0.756158
0.254708 0.704556 0.260752 0.718468
0.14312 0.740154 0.135719 0.770205
0.135719 0.770205 0.15092 0.780409
0.0716712 0.631999 0.0714972 0.63213
0.0716712 0.631999 0.109274 0.64459
0.0991077 0.717221 0.0825874 0.692501
0.0392127 0.70301 0.0268176 0.708033
0.0662218 0.660633 0.0714972 0.63213
0.0341538 0.630627 0.0714972 0.63213
0.0268176 0.708033 0.0150725 0.73848
0.0268176 0.708033 0 0.70076
0.0260114 0.659777 0 0.669584
0 0.740462 0.0150725 0.73848
0.109875 0.877891 0.11671 0.835484
0.109875 0.877891 0.0668291 0.861459
0.0213994 0.782436 0.0115155 0.810885
0.0213994 0.782436 0.0603984 0.796731
0.0703327 0.787488 0.107243 0.803597
0.0703327 0.787488 0.0603984 0.796731
0.0603984 0.796731 0.0534302 0.826533
0.149048 0.807471 0.15092 0.780409
0.149048 0.807471 0.164308 0.819303
0.112876 0.828891 0.11671 0.835484
0.140214 0.918944 0.117242 0.884045
0.140214 0.918944 0.168169 0.901177
0.140214 0.918944 0.138489 0.923849
0.11671 0.835484 0.152685 0.850337
0.0121965 0.854957 0 0.855108
0 0.812274 0.0115155 0.810885
0.0425269 0.951974 0.0603988 0.97247
0.051283 0.924248 0.0586032 0.896199
0.0853814 0.953012 0.0817663 0.937411
0.0603988 0.97247 0.0428358 1
0.0817663 0.937411 0.0972818 0.920248
0.0532016 0.882049 0.0668291 0.861459
0.0532016 0.882049 0.0586032 0.896199
0.122179 0.930945 0.138489 0.923849
0.122179 0.930945 0.0972818 0.920248
0.168169 0.901177 0.168052 0.893599
0.152685 0.850337 0.154777 0.849028
0.138489 0.923849 0.16204 0.959096
0.247349 0.837372 0.251292 0.834237
0.247349 0.837372 0.253824 0.867116
0.195257 0.917034 0.223327 0.893442
0.195257 0.917034 0.215629 0.945267
0.16204 0.959096 0.137261 0.980603
0.196075 1 0.193396 0.973434
0.137261 0.980603 0.14061 1
0.247811 0.97854 0.210484 0.961419
0.247811 0.97854 0.247904 1
0.210484 0.961419 0.215629 0.945267
0.210484 0.961419 0.193396 0.973434
0.290342 1 0.295383 0.971798
0.215629 0.945267 0.248703 0.929258
0.223306 0.892578 0.253824 0.867116
0.223306 0.892578 0.223327 0.893442
0.256156 0.921627 0.277426 0.889516
0.172773 0.77564 0.175446 0.745202
0.172773 0.77564 0.15092 0.780409
0.251292 0.834237 0.288273 0.836374
0.251292 0.834237 0.257967 0.80328
0.215782 0.808313 0.185731 0.815028
0.215782 0.808313 0.222735 0.788526
0.247743 0.756021 0.272527 0.76592
0.247743 0.756021 0.23434 0.784699
0.181926 0.854435 0.154777 0.849028
0.181926 0.854435 0.194219 0.840355
0.218127 0.845865 0.194219 0.840355
0.194219 0.840355 0.185731 0.815028
0.154777 0.849028 0.164308 0.819303
0.204607 0.775323 0.222735 0.788526
0.222735 0.788526 0.23434 0.784699
0.282065 0.791022 0.272527 0.76592
0.282065 0.791022 0.257967 0.80328
0.23434 0.784699 0.257967 0.80328
0.318261 0.781069 0.304396 0.747143
0.272527 0.76592 0.295441 0.744305
0.346814 0.757466 0.336295 0.727126
0.346814 0.757466 0.371813 0.762073
0.295441 0.744305 0.282864 0.722251
0.295441 0.744305 0.304396 0.747143
0.371813 0.762073 0.37029 0.799731
0.309544 0.655681 0.274855 0.643996
0.309544 0.655681 0.326282 0.633858
0.309544 0.655681 0.313166 0.680441
0.37029 0.799731 0.331871 0.790046
0.331871 0.790046 0.326978 0.830846
0.326978 0.830846 0.297481 0.827157
0.297481 0.827157 0.288273 0.836374
0.288273 0.836374 0.292585 0.863359
0.316247 0.90881 0.277426 0.889516
0.290672 0.965145 0.295383 0.971798
0.336232 0.974232 0.295383 0.971798
0.336232 0.974232 0.343739 0.959255
0.336232 0.974232 0.34154 1
0.384051 0.914004 0.365301 0.928147
0.384051 0.914004 0.407842 0.919643
0.390469 0.965384 0.421293 0.942892
0.390469 0.965384 0.390592 0.966317
0.372059 1 0.390592 0.966317
0.423767 0.890782 0.407842 0.919643
0.423767 0.890782 0.423642 0.890299
0.423767 0.890782 0.454704 0.909843
0.365301 0.928147 0.337095 0.902088
0.375063 0.870874 0.337095 0.902088
0.464056 0.907851 0.454704 0.909843
0.464056 0.907851 0.475512 0.914831
0.421293 0.942892 0.407842 0.919643
0.395986 0.872181 0.415619 0.845658
0.395986 0.872181 0.423642 0.890299
0.390592 0.966317 0.419215 1
0.489759 0.976719 0.47806 1
0.489759 0.976719 0.46331 0.958217
0.489759 0.976719 0.506342 0.972227
0.63403 0.881531 0.628423 0.859434
0.63403 0.881531 0.662019 0.885627
0.63403 0.881531 0.616203 0.899148
0.43856 1 0.44586 0.961571
0.44586 0.961571 0.46331 0.958217
0.528422 0.927785 0.508078 0.942335
0.528422 0.927785 0.530085 0.907896
0.497602 0.871711 0.477696 0.865662
0.497602 0.871711 0.52599 0.852175
0.497602 0.871711 0.505378 0.897775
0.475512 0.914831 0.505378 0.897775
0.481076 0.837734 0.499439 0.829567
0.481076 0.837734 0.477696 0.865662
0.415619 0.845658 0.438354 0.848726
0.538787 0.860128 0.548117 0.892326
0.538787 0.860128 0.52599 0.852175
0.538787 0.860128 0.570215 0.841542
0.423239 0.798907 0.409894 0.800602
0.423239 0.798907 0.446325 0.752941
0.445112 0.861983 0.423642 0.890299
0.445112 0.861983 0.438354 0.848726
0.409894 0.800602 0.398542 0.752853
0.44709 0.727686 0.444773 0.751004
0.44709 0.727686 0.423749 0.700132
0.444773 0.751004 0.446325 0.752941
0.471839 0.794663 0.466993 0.761056
0.446325 0.752941 0.466993 0.761056
0.512979 0.771827 0.536513 0.761931
0.435244 0.646144 0.46557 0.625548
0.435244 0.646144 0.461958 0.674272
0.435244 0.646144 0.43215 0.64552
0.523004 0.680082 0.527707 0.67927
0.494763 0.639092 0.46557 0.625548
0.380808 0.565516 0.4156 0.540469
0.380808 0.565516 0.380174 0.576766
0.380808 0.565516 0.360849 0.542648
0.461935 0.6052 0.46557 0.625548
0.461935 0.6052 0.427109 0.593942
0.406676 0.709284 0.389444 0.705988
0.426834 0.592742 0.431685 0.57766
0.426834 0.592742 0.427109 0.593942
0.426834 0.592742 0.380174 0.576766
0.43215 0.64552 0.411366 0.666181
0.43215 0.64552 0.417222 0.619312
0.368651 0.722392 0.389444 0.705988
0.368651 0.722392 0.3509 0.718901
0.411366 0.666181 0.394172 0.664396
0.389444 0.705988 0.378505 0.685195
0.336295 0.727126 0.304396 0.747143
0.336295 0.727126 0.336343 0.726983
0.3509 0.718901 0.336343 0.726983
0.260752 0.718468 0.282864 0.722251
0.308456 0.688006 0.313166 0.680441
0.262873 0.651577 0.274855 0.643996
0.326282 0.633858 0.347893 0.636399
0.326282 0.633858 0.320323 0.62303
0.320323 0.62303 0.329538 0.582551
0.320323 0.62303 0.283972 0.611822
0.394172 0.664396 0.378505 0.685195
0.360849 0.542648 0.329708 0.562311
0.329538 0.582551 0.325291 0.577113
0.329538 0.582551 0.363546 0.593495
0.363546 0.593495 0.368597 0.591973
0.363546 0.593495 0.347893 0.636399
0.325291 0.577113 0.329708 0.562311
0.325291 0.577113 0.301267 0.577645
0.301267 0.577645 0.286551 0.565034
0.301267 0.577645 0.283972 0.611822
0.270643 0.566656 0.246729 0.543257
0.270643 0.566656 0.286551 0.565034
0.286551 0.565034 0.292731 0.534991
0.331256 0.514797 0.349543 0.484914
0.331256 0.514797 0.331465 0.515787
0.382624 0.510597 0.417342 0.533717
0.417222 0.619312 0.427109 0.593942
0.417222 0.619312 0.393683 0.621742
0.439311 0.509476 0.432943 0.52402
0.417342 0.533717 0.432943 0.52402
0.417342 0.533717 0.4156 0.540469
0.380174 0.576766 0.368597 0.591973
0.4156 0.540469 0.431685 0.57766
0.431685 0.57766 0.470347 0.560502
0.393683 0.621742 0.368597 0.591973
0.512286 0.584552 0.538163 0.590856
0.512286 0.584552 0.5074 0.559996
0.470347 0.560502 0.472991 0.555026
0.472991 0.555026 0.477106 0.552821
0.472991 0.555026 0.432943 0.52402
0.523986 0.522189 0.531441 0.54194
0.523986 0.522189 0.537251 0.493831
0.477106 0.552821 0.5074 0.559996
0.5074 0.559996 0.531441 0.54194
0.541978 0.607556 0.530314 0.624348
0.541978 0.607556 0.538163 0.590856
0.557285 0.56474 0.538163 0.590856
0.530314 0.624348 0.549413 0.652089
0.6058 0.717274 0.592068 0.749183
0.6058 0.717274 0.602407 0.704705
0.6058 0.717274 0.64739 0.727793
0.55945 0.650634 0.583966 0.616426
0.55945 0.650634 0.580508 0.66949
0.55945 0.650634 0.549413 0.652089
0.634266 0.630035 0.650307 0.666949
0.623072 0.510167 0.580438 0.5119
0.623072 0.510167 0.6272 0.505661
0.575177 0.534026 0.578356 0.513963
0.575177 0.534026 0.612806 0.552998
0.641753 0.45583 0.662192 0.488144
0.578356 0.513963 0.537251 0.493831
0.578356 0.513963 0.580438 0.5119
0.665236 0.529811 0.651047 0.504117
0.665236 0.529811 0.658835 0.555192
0.686097 0.570537 0.691912 0.599297
0.686097 0.570537 0.658835 0.555192
0.658835 0.555192 0.645976 0.559882
0.755944 0.516638 0.785938 0.504784
0.709552 0.525088 0.746684 0.529061
0.944501 0.638744 0.954464 0.64573
0.944501 0.638744 0.911099 0.644404
0.944501 0.638744 0.937745 0.607365
0.707058 0.604206 0.691912 0.599297
0.707058 0.604206 0.738403 0.59592
0.707058 0.604206 0.716866 0.648143
0.740778 0.650775 0.747984 0.665379
0.740778 0.650775 0.719246 0.650146
0.740778 0.650775 0.756206 0.629384
0.742843 0.576575 0.738403 0.59592
0.742843 0.576575 0.781273 0.565006
0.747984 0.665379 0.735324 0.701173
0.650307 0.666949 0.6678 0.664642
0.650307 0.666949 0.638307 0.678574
0.64739 0.727793 0.633906 0.760281
0.64739 0.727793 0.656273 0.722414
0.716866 0.648143 0.719246 0.650146
0.682713 0.713067 0.712801 0.732203
0.735324 0.701173 0.735414 0.701352
0.735324 0.701173 0.703916 0.686962
0.703916 0.686962 0.719246 0.650146
0.723462 0.776452 0.727601 0.776081
0.723462 0.776452 0.706441 0.816269
0.723462 0.776452 0.705782 0.763246
0.772076 0.742359 0.813288 0.745778
0.772076 0.742359 0.779023 0.710605
0.755368 0.747002 0.727601 0.776081
0.735414 0.701352 0.775948 0.705007
0.712801 0.732203 0.705782 0.763246
0.670161 0.778733 0.655466 0.780958
0.670161 0.778733 0.683173 0.764832
0.670161 0.778733 0.689719 0.812331
0.562244 0.804938 0.570215 0.841542
0.562244 0.804938 0.557472 0.80241
0.562244 0.804938 0.600018 0.796566
0.602407 0.704705 0.627017 0.679534
0.627017 0.679534 0.604167 0.656371
0.627017 0.679534 0.638307 0.678574
0.594138 0.853244 0.58989 0.878871
0.594138 0.853244 0.570215 0.841542
0.638307 0.678574 0.656273 0.722414
0.560252 0.701923 0.555517 0.725652
0.560252 0.701923 0.527707 0.67927
0.604167 0.656371 0.580508 0.66949
0.527707 0.67927 0.549413 0.652089
0.555517 0.725652 0.536805 0.736795
0.555517 0.725652 0.589147 0.749043
0.536805 0.736795 0.536513 0.761931
0.592068 0.749183 0.604956 0.764076
0.592068 0.749183 0.589147 0.749043
0.589147 0.749043 0.552041 0.774338
0.633906 0.760281 0.655466 0.780958
0.633906 0.760281 0.604956 0.764076
0.536513 0.761931 0.552041 0.774338
0.552041 0.774338 0.557472 0.80241
0.557472 0.80241 0.538784 0.809382
0.604956 0.764076 0.600018 0.796566
0.600018 0.796566 0.615083 0.812121
0.689719 0.812331 0.652075 0.831131
0.604516 0.896788 0.58989 0.878871
0.604516 0.896788 0.616203 0.899148
0.604516 0.896788 0.581223 0.929048
0.505378 0.897775 0.530085 0.907896
0.615083 0.812121 0.637108 0.813106
0.70445 0.852974 0.735711 0.864154
0.70445 0.852974 0.692447 0.884424
0.70445 0.852974 0.70338 0.85144
0.548117 0.892326 0.530085 0.907896
0.548117 0.892326 0.549831 0.892649
0.549831 0.892649 0.58989 0.878871
0.549831 0.892649 0.581223 0.929048
0.506342 0.972227 0.512877 0.9766
0.506342 0.972227 0.508078 0.942335
0.561847 1 0.547479 0.973862
0.547479 0.973862 0.512877 0.9766
0.674593 1 0.677111 0.984666
0.512877 0.9766 0.515411 1
0.616203 0.899148 0.632164 0.924239
0.58161 0.94119 0.581223 0.929048
0.632164 0.924239 0.623808 0.94857
0.632164 0.924239 0.663758 0.914096
0.625409 1 0.636928 0.966095
0.705376 0.920265 0.73501 0.93341
0.705376 0.920265 0.686328 0.933459
0.705376 0.920265 0.709471 0.902118
0.623808 0.94857 0.636928 0.966095
0.73501 0.93341 0.726228 0.95923
0.73501 0.93341 0.753241 0.925625
0.654709 0.965301 0.636928 0.966095
0.654709 0.965301 0.683422 0.933125
0.654709 0.965301 0.677111 0.984666
0.726228 0.95923 0.740776 0.973624
0.698223 0.976654 0.677111 0.984666
0.698223 0.976654 0.716281 1
0.683422 0.933125 0.686328 0.933459
0.683422 0.933125 0.663758 0.914096
0.725803 1 0.740776 0.973624
0.762291 1 0.766031 0.97955
0.75415 0.922815 0.753241 0.925625
0.75415 0.922815 0.732511 0.890099
0.75415 0.922815 0.776967 0.905512
0.766031 0.97955 0.786142 0.981425
0.709471 0.902118 0.732511 0.890099
0.709471 0.902118 0.692447 0.884424
0.665647 0.89022 0.662019 0.885627
0.665647 0.89022 0.692447 0.884424
0.665647 0.89022 0.663758 0.914096
0.75425 0.832062 0.782449 0.837253
0.75425 0.832062 0.735711 0.864154
0.732511 0.890099 0.738793 0.870984
0.906777 0.902861 0.915535 0.86724
0.906777 0.902861 0.916693 0.909192
0.735711 0.864154 0.738793 0.870984
0.662019 0.885627 0.664711 0.851915
0.637108 0.813106 0.652075 0.831131
0.637108 0.813106 0.655466 0.780958
0.683173 0.764832 0.705782 0.763246
0.664711 0.851915 0.70338 0.85144
0.835199 0.763805 0.820524 0.758734
0.835199 0.763805 0.860294 0.732913
0.835199 0.763805 0.849509 0.786677
0.789884 0.788816 0.820524 0.758734
0.813288 0.745778 0.820431 0.713517
0.813288 0.745778 0.820524 0.758734
0.775948 0.705007 0.779023 0.710605
0.945154 0.732042 0.961318 0.742563
0.945154 0.732042 0.920267 0.741919
0.945154 0.732042 0.943424 0.711915
0.919681 0.86442 0.915535 0.86724
0.919681 0.86442 0.926756 0.841597
0.890546 0.780053 0.901544 0.80538
0.890546 0.780053 0.882125 0.775363
0.890546 0.780053 0.919043 0.765152
0.842768 0.849058 0.835927 0.847269
0.842768 0.849058 0.865319 0.881838
0.849509 0.786677 0.847563 0.793317
0.849509 0.786677 0.882125 0.775363
0.786309 0.861908 0.814333 0.883019
0.82688 0.83626 0.835927 0.847269
0.814566 0.884473 0.814333 0.883019
0.814566 0.884473 0.847372 0.905942
0.753241 0.925625 0.766515 0.946214
0.835733 0.928895 0.846785 0.91465
0.835733 0.928895 0.845173 0.963382
0.814333 0.883019 0.835927 0.847269
0.79933 0.94543 0.803383 0.962465
0.79933 0.94543 0.766515 0.946214
0.786142 0.981425 0.803383 0.962465
0.786142 0.981425 0.796936 1
0.840506 0.972602 0.845173 0.963382
0.840506 0.972602 0.860741 1
0.845173 0.963382 0.882408 0.954043
0.847372 0.905942 0.86513 0.887313
0.847372 0.905942 0.846785 0.91465
0.86513 0.887313 0.865319 0.881838
0.916693 0.909192 0.956713 0.904903
0.916693 0.909192 0.921307 0.947795
0.897379 0.818837 0.926756 0.841597
0.897379 0.818837 0.879874 0.829047
0.897379 0.818837 0.901544 0.80538
0.865319 0.881838 0.888715 0.859583
0.888326 0.979517 0.873772 1
0.888326 0.979517 0.882408 0.954043
0.888326 0.979517 0.921497 0.985883
0.884662 0.949773 0.921307 0.947795
0.884662 0.949773 0.882408 0.954043
0.969405 0.968583 0.950688 0.955851
0.969405 0.968583 0.960809 1
0.924278 1 0.921497 0.985883
0.956126 0.834966 1 0.833252
0.956126 0.834966 0.964946 0.87688
0.915535 0.86724 0.888715 0.859583
0.879874 0.829047 0.888715 0.859583
0.882125 0.775363 0.880554 0.737487
0.93568 0.778827 0.919043 0.765152
0.93568 0.778827 0.952962 0.773447
0.860294 0.732913 0.847065 0.714677
0.860294 0.732913 0.880554 0.737487
0.919043 0.765152 0.920267 0.741919
0.952962 0.773447 0.961318 0.742563
0.920267 0.741919 0.894507 0.728594
0.820431 0.713517 0.779023 0.710605
0.820431 0.713517 0.820926 0.713092
0.835917 0.658287 0.816734 0.675199
0.835917 0.658287 0.833791 0.645452
0.835917 0.658287 0.866864 0.674882
0.995096 0.661367 1 0.660685
0.954464 0.64573 0.950278 0.66708
0.910316 0.579293 0.88856 0.56782
0.910316 0.579293 0.93624 0.558995
0.910316 0.579293 0.914818 0.600969
0.971308 0.690522 0.950278 0.66708
0.971308 0.690522 0.943424 0.711915
0.917716 0.684963 0.911099 0.644404
0.917716 0.684963 0.950278 0.66708
0.917716 0.684963 0.916264 0.687699
0.893893 0.462097 0.941563 0.462643
0.893893 0.462097 0.890156 0.489073
0.943424 0.711915 0.916264 0.687699
0.880554 0.737487 0.894507 0.728594
0.916264 0.687699 0.899751 0.694824
0.899751 0.694824 0.868223 0.677788
0.899751 0.694824 0.894507 0.728594
0.911099 0.644404 0.893885 0.632192
0.788035 0.672254 0.816734 0.675199
0.868223 0.677788 0.866864 0.674882
0.868223 0.677788 0.847065 0.714677
0.847065 0.714677 0.820926 0.713092
0.820926 0.713092 0.816734 0.675199
0.826039 0.562463 0.834686 0.555553
0.826039 0.562463 0.819321 0.601194
0.826039 0.562463 0.785047 0.55767
0.833791 0.645452 0.814305 0.624171
0.833791 0.645452 0.870687 0.61504
0.814305 0.624171 0.811392 0.608994
0.893885 0.632192 0.892291 0.626388
0.893885 0.632192 0.866864 0.674882
0.783549 0.549915 0.803402 0.52159
0.783549 0.549915 0.785047 0.55767
0.870687 0.61504 0.863012 0.598618
0.870687 0.61504 0.892291 0.626388
0.88856 0.56782 0.88472 0.539163
0.88856 0.56782 0.866165 0.584698
0.785047 0.55767 0.781273 0.565006
0.866165 0.584698 0.834686 0.555553
0.866165 0.584698 0.863012 0.598618
0.811392 0.608994 0.79192 0.601178
0.811392 0.608994 0.819321 0.601194
0.819321 0.601194 0.863012 0.598618
0.79192 0.601178 0.781273 0.565006
0.785938 0.504784 0.790423 0.475621
0.785938 0.504784 0.803402 0.52159
0.803402 0.52159 0.817026 0.520376
0.817026 0.520376 0.839725 0.539081
0.834686 0.555553 0.839725 0.539081
0.856928 0.494793 0.832965 0.475155
0.856928 0.494793 0.890156 0.489073
0.856928 0.494793 0.852626 0.532781
0.839725 0.539081 0.852626 0.532781
0.890156 0.489073 0.899103 0.501945
0.852626 0.532781 0.88472 0.539163
0.914818 0.600969 0.937745 0.607365
0.914818 0.600969 0.892291 0.626388
0.88472 0.539163 0.89452 0.530108
0.93624 0.558995 0.935578 0.542403
0.93624 0.558995 0.961684 0.578214
0.89452 0.530108 0.899103 0.501945
0.89452 0.530108 0.935578 0.542403
0.935578 0.542403 0.945362 0.530055
0.954985 0.462696 0.970984 0.495935
0.954985 0.462696 0.943997 0.461038
0.986936 0.567075 0.961684 0.578214
0.986936 0.567075 0.977004 0.537506
0.945362 0.530055 0.977004 0.537506
0.943997 0.461038 0.941563 0.462643
0.943997 0.461038 0.934106 0.424026
0.971566 0.350232 0.977831 0.363696
0.971566 0.350232 0.97183 0.348922
0.977831 0.363696 0.962287 0.397414
0.921776 0.419195 0.934106 0.424026
0.921776 0.419195 0.915159 0.386388
0.915159 0.386388 0.901037 0.379474
0.882949 0.263079 0.903751 0.290952
0.882949 0.263079 0.868055 0.258487
0.882949 0.263079 0.91117 0.239536
0.901037 0.379474 0.897211 0.360195
0.973426 0.296227 0.971759 0.289935
0.973426 0.296227 1 0.307586
0.973426 0.296227 0.957489 0.319122
0.937859 0.252889 0.937659 0.269578
0.937859 0.252889 0.91117 0.239536
0.937859 0.252889 0.942588 0.248
0.97183 0.348922 0.957489 0.319122
0.97183 0.348922 1 0.33231
0.957489 0.319122 0.940516 0.319815
0.905956 0.2222 0.878495 0.208697
0.905956 0.2222 0.91117 0.239536
0.937659 0.269578 0.971759 0.289935
0.937659 0.269578 0.917166 0.288922
0.897211 0.360195 0.865706 0.352066
0.971759 0.289935 0.986064 0.267061
0.922967 0.340106 0.940516 0.319815
0.917166 0.288922 0.903751 0.290952
0.917166 0.288922 0.940516 0.319815
0.847041 0.372543 0.847507 0.369305
0.847041 0.372543 0.826082 0.385324
0.86488 0.323886 0.865706 0.352066
0.86488 0.323886 0.819714 0.326371
0.89037 0.311527 0.903751 0.290952
0.865706 0.352066 0.847507 0.369305
0.868055 0.258487 0.852226 0.267643
0.868055 0.258487 0.86636 0.217115
0.713172 0.351602 0.714156 0.356748
0.713172 0.351602 0.675589 0.334663
0.713172 0.351602 0.725937 0.328727
0.849912 0.286106 0.817706 0.307821
0.849912 0.286106 0.852226 0.267643
0.819714 0.326371 0.816372 0.333457
0.819714 0.326371 0.817706 0.307821
0.817706 0.307821 0.805151 0.294512
0.761237 0.26919 0.735767 0.239768
0.761237 0.26919 0.783326 0.252357
0.761237 0.26919 0.757188 0.285169
0.785129 0.24183 0.821447 0.226844
0.785129 0.24183 0.783326 0.252357
0.785129 0.24183 0.768507 0.214855
0.808021 0.271378 0.805151 0.294512
0.808021 0.271378 0.783326 0.252357
0.805151 0.294512 0.764523 0.29924
0.826082 0.385324 0.800169 0.372982
0.764277 0.300781 0.764523 0.29924
0.764277 0.300781 0.790488 0.341841
0.816372 0.333457 0.847507 0.369305
0.816372 0.333457 0.79822 0.343614
0.761406 0.353932 0.755611 0.367195
0.761406 0.353932 0.790488 0.341841
0.832965 0.475155 0.858373 0.451418
0.760495 0.415332 0.776059 0.398178
0.760495 0.415332 0.764186 0.444384
0.760495 0.415332 0.728489 0.407774
0.790488 0.341841 0.79822 0.343614
0.776059 0.398178 0.816037 0.421154
0.776059 0.398178 0.776211 0.39545
0.800169 0.372982 0.776211 0.39545
0.800169 0.372982 0.79822 0.343614
0.858373 0.451418 0.853581 0.423432
0.871036 0.406425 0.853581 0.423432
0.816037 0.421154 0.814218 0.42668
0.682361 0.482835 0.685317 0.447129
0.682361 0.482835 0.704311 0.495024
0.682361 0.482835 0.662192 0.488144
0.68321 0.398283 0.683165 0.387522
0.68321 0.398283 0.684199 0.399217
0.68321 0.398283 0.658764 0.406751
0.755611 0.367195 0.776211 0.39545
0.728489 0.407774 0.726161 0.404779
0.728489 0.407774 0.716422 0.445022
0.675589 0.334663 0.674086 0.32359
0.684199 0.399217 0.691021 0.44223
0.684199 0.399217 0.726161 0.404779
0.691021 0.44223 0.685317 0.447129
0.691021 0.44223 0.716422 0.445022
0.651047 0.504117 0.6272 0.505661
0.651047 0.504117 0.662192 0.488144
0.59948 0.463124 0.587103 0.470002
0.59948 0.463124 0.597129 0.428294
0.561926 0.368086 0.58639 0.380256
0.587103 0.470002 0.580438 0.5119
0.587103 0.470002 0.557767 0.463736
0.603114 0.334755 0.592756 0.329746
0.603114 0.334755 0.621408 0.33052
0.603114 0.334755 0.60012 0.375202
0.541225 0.417283 0.550813 0.422194
0.557767 0.463736 0.550813 0.422194
0.515847 0.384643 0.512688 0.353015
0.512688 0.353015 0.544475 0.341014
0.544475 0.341014 0.544277 0.312986
0.623964 0.385534 0.60012 0.375202
0.623964 0.385534 0.626615 0.384722
0.623964 0.385534 0.61405 0.419369
0.597129 0.428294 0.61405 0.419369
0.658764 0.406751 0.626615 0.384722
0.60648 0.285959 0.579076 0.302842
0.60648 0.285959 0.608007 0.267064
0.60648 0.285959 0.627475 0.300118
0.58639 0.380256 0.60012 0.375202
0.627475 0.300118 0.652677 0.275444
0.626615 0.384722 0.644436 0.360037
0.592756 0.329746 0.579076 0.302842
0.54268 0.264613 0.534947 0.249664
0.608007 0.267064 0.585001 0.250959
0.608007 0.267064 0.626892 0.257647
0.534947 0.249664 0.540018 0.222409
0.626892 0.257647 0.629142 0.236591
0.626892 0.257647 0.652677 0.275444
0.669272 0.256943 0.693581 0.244735
0.669272 0.256943 0.664593 0.271978
0.669272 0.256943 0.655266 0.227783
0.629142 0.236591 0.611914 0.221608
0.629142 0.236591 0.655266 0.227783
0.714156 0.356748 0.683165 0.387522
0.667838 0.318487 0.660196 0.275134
0.667838 0.318487 0.674086 0.32359
0.652677 0.275444 0.660196 0.275134
0.660196 0.275134 0.664593 0.271978
0.757188 0.285169 0.764523 0.29924
0.757188 0.285169 0.712994 0.284664
0.644436 0.360037 0.621408 0.33052
0.674086 0.32359 0.706885 0.301173
0.712994 0.284664 0.709111 0.288481
0.712994 0.284664 0.713266 0.257761
0.706885 0.301173 0.709111 0.288481
0.706885 0.301173 0.725937 0.328727
0.709111 0.288481 0.664593 0.271978
0.750035 0.195466 0.742351 0.164161
0.750035 0.195466 0.724561 0.203088
0.694731 0.222437 0.719757 0.217543
0.694731 0.222437 0.693581 0.244735
0.694731 0.222437 0.686392 0.215219
0.713266 0.257761 0.734723 0.239631
0.713266 0.257761 0.693581 0.244735
0.637411 0.126942 0.640654 0.0991354
0.637411 0.126942 0.673758 0.14198
0.789666 0.189116 0.790761 0.162196
0.789666 0.189116 0.81561 0.203397
0.707615 0.180607 0.701653 0.180474
0.707615 0.180607 0.727705 0.161094
0.707615 0.180607 0.724561 0.203088
0.701653 0.180474 0.686092 0.193869
0.727705 0.161094 0.713217 0.129183
0.727705 0.161094 0.742351 0.164161
0.673758 0.14198 0.647313 0.179964
0.724561 0.203088 0.719757 0.217543
0.686392 0.215219 0.686092 0.193869
0.719757 0.217543 0.734723 0.239631
0.734723 0.239631 0.735767 0.239768
0.611914 0.221608 0.584897 0.242892
0.611914 0.221608 0.611238 0.209015
0.647313 0.179964 0.686092 0.193869
0.647313 0.179964 0.643664 0.181716
0.585001 0.250959 0.584897 0.242892
0.528648 0.14978 0.530506 0.114932
0.540018 0.222409 0.4912 0.22033
0.540018 0.222409 0.543103 0.218882
0.584897 0.242892 0.561535 0.219473
0.543103 0.218882 0.533672 0.182516
0.543103 0.218882 0.561535 0.219473
0.61674 0.158283 0.643664 0.181716
0.61674 0.158283 0.585311 0.183436
0.643664 0.181716 0.642742 0.184366
0.611238 0.209015 0.642742 0.184366
0.633956 0.0181482 0.629586 0
0.633956 0.0181482 0.665276 0.0204598
0.606348 0.0902084 0.587319 0.0637428
0.606348 0.0902084 0.627414 0.0855332
0.513221 0.0288271 0.514487 0.0621485
0.513221 0.0288271 0.517735 0.0227184
0.598417 0 0.592756 0.017981
0.517735 0.0227184 0.559325 0.0335813
0.517735 0.0227184 0.514663 0
0.665276 0.0204598 0.67487 0
0.655009 0.0584076 0.682716 0.0804509
0.704318 0 0.715344 0.0260474
0.732529 0.0689825 0.728269 0.0791372
0.732529 0.0689825 0.710182 0.036266
0.732529 0.0689825 0.762407 0.0537192
0.627414 0.0855332 0.640654 0.0991354
0.713217 0.129183 0.678052 0.138594
0.713217 0.129183 0.714369 0.127519
0.682716 0.0804509 0.684046 0.0801012
0.715344 0.0260474 0.738643 0.0227036
0.715344 0.0260474 0.710182 0.036266
0.771251 0.060163 0.762407 0.0537192
0.800962 0.10383 0.830456 0.130669
0.800962 0.10383 0.786445 0.10623
0.800962 0.10383 0.81302 0.0857899
0.714369 0.127519 0.749393 0.120991
0.684046 0.0801012 0.697845 0.0417368
0.697845 0.0417368 0.710182 0.036266
0.780067 0.0182348 0.802654 0.0208
0.780067 0.0182348 0.76189 0.0491801
0.780067 0.0182348 0.767642 0
0.808858 0 0.802654 0.0208
0.842937 0 0.843441 0.0197938
0.817747 0.0385776 0.843441 0.0197938
0.913313 0.0407907 0.884666 0.0594098
0.913313 0.0407907 0.886209 0.0138471
0.913313 0.0407907 0.921759 0.0415477
0.843441 0.0197938 0.8651 0.0309712
0.762407 0.0537192 0.76189 0.0491801
0.81302 0.0857899 0.843942 0.0818602
0.843942 0.0818602 0.858789 0.10128
0.8651 0.0309712 0.886209 0.0138471
0.76189 0.0491801 0.738643 0.0227036
0.738643 0.0227036 0.752286 0
0.742351 0.164161 0.760702 0.152484
0.830456 0.130669 0.858789 0.10128
0.830456 0.130669 0.83054 0.147466
0.760702 0.152484 0.784967 0.157014
0.760702 0.152484 0.749393 0.120991
0.784967 0.157014 0.790761 0.162196
0.784967 0.157014 0.786445 0.10623
0.735767 0.239768 0.768507 0.214855
0.83054 0.147466 0.790761 0.162196
0.83054 0.147466 0.844822 0.15985
0.81561 0.203397 0.844489 0.175158
0.844822 0.15985 0.844489 0.175158
0.844822 0.15985 0.867022 0.154992
0.858789 0.10128 0.862904 0.101801
0.904966 0.173998 0.89592 0.17697
0.904966 0.173998 0.919306 0.1518
0.89592 0.17697 0.867022 0.154992
0.89592 0.17697 0.878495 0.208697
0.919306 0.1518 0.904568 0.126304
0.946019 0.202289 0.942588 0.248
0.962793 0.199714 1 0.184117
0.978356 0.109609 0.979656 0.108015
0.978356 0.109609 0.956063 0.117889
0.986064 0.267061 1 0.265391
1 0.102088 0.979656 0.108015
1 0.0574186 0.981005 0.050993
0.935908 0.0330793 0.933584 0.0332391
0.935908 0.0330793 0.970472 0
0.935908 0.0330793 0.969104 0.0554496
0.962229 0.0743415 0.927018 0.0826739
0.962229 0.0743415 0.969104 0.0554496
0.962229 0.0743415 0.979656 0.108015
0.927018 0.0826739 0.921598 0.0924818
0.927018 0.0826739 0.921759 0.0415477
0.886209 0.0138471 0.887318 0
0.921759 0.0415477 0.933584 0.0332391
0.922397 0 0.933584 0.0332391
0.969104 0.0554496 0.981005 0.050993
0.981005 0.050993 0.984577 0
